1.024072,4429,4105,4.0
5.218766,4421,4103,2846.0
9.217081,4413,4104,2829.0
13.190832,4407,4104,2788.0
17.158023,4398,4102,2725.0
21.139308,4391,4101,2694.0
25.167541,4377,4102,2646.0
29.122051,4363,4101,2600.0
33.165872,4351,4098,2532.0
37.178737,4339,4098,2435.0
41.200603,4328,4098,2341.0
45.486115,4318,4097,2252.0
49.443378,4308,4096,2174.0
53.430276,4300,4095,2126.0
57.383944,4293,4095,2076.0
61.350852,4285,4092,2025.0
65.325537,4280,4094,1999.0
69.300256,4272,4093,1970.0
73.292894,4268,4093,1943.0
77.301685,4262,4092,1921.0
81.331096,4256,4091,1890.0
85.404546,4252,4093,1868.0
89.709519,4247,4091,1837.0
93.730467,4240,4092,1805.0
97.729439,4236,4089,1788.0
101.760381,4233,4089,1763.0
105.776015,4226,4089,1737.0
109.792984,4223,4089,1709.0
113.756077,4216,4087,1684.0
117.726417,4215,4088,1662.0
121.79667,4210,4088,1624.0
125.879738,4203,4087,1606.0
129.872236,4199,4087,1586.0
134.160404,4195,4087,1562.0
0.207063,-3.5328,-267.9919
6.016912,-3.5328,1144.2311
11.235949,-3.5328,1131.9509000000003
0.20732,-3.5328,-267.9919
0.208095,-3.5328,-267.9919
0.207102,-3.5328,-267.9919
0.207375,-3.5328,-267.9919
0.207147,-3.5328,-267.9919
0.21549,-3.5328,-267.9919
0.20822,-3.5328,-267.9919
0.207541,-3.5328,-267.9919
0.208156,-3.5328,-267.9919
0.207046,-3.5328,-267.9919
0.208673,-3.5328,-267.9919
0.207981,-3.5328,-267.9919
0.208117,-3.5328,-267.9919
0.207519,-3.5328,-267.9919
0.207244,-3.5328,-267.9919
0.207046,-3.5328,-267.9919
0.213885,-3.5328,-267.9919
0.20694,-3.5328,-267.9919
0.207507,-3.5328,-267.9919
