1.208947,134.28799999999998,121.198,4.0
16.433676,134.28799999999998,121.198,63.0
21.328456,134.28799999999998,121.198,65.0
26.269829,134.28799999999998,121.198,64.0
31.079867,134.13400000000001,121.198,62.0
35.90197,134.13400000000001,121.198,61.0
40.803978,133.98000000000002,121.198,62.0
45.720594,133.98000000000002,121.198,57.0
50.487507,137.368,121.044,55.0
55.299255,179.564,119.96600000000001,52.0
60.174983,248.40200000000002,118.426,57.0
65.51111,328.48199999999997,117.194,60.0
70.486135,400.40000000000003,116.578,72.0
75.509885,467.698,116.27,90.0
80.410559,526.8340000000001,116.424,108.0
85.359546,579.8100000000001,116.578,123.0
90.214728,625.702,116.88600000000001,137.0
95.110106,665.8960000000001,117.34800000000001,147.0
100.030036,700.8539999999999,117.81,156.0
104.899798,730.114,118.426,161.0
109.865006,746.13,119.04200000000002,172.0
114.725534,740.586,120.42800000000001,174.0
120.050699,720.258,121.506,182.0
124.957543,697.466,122.42999999999999,176.0
129.841808,675.9060000000001,123.046,172.0
134.748032,657.58,123.354,161.0
139.68487,643.258,123.50800000000001,155.0
144.573502,634.1719999999999,123.50800000000001,152.0
149.587031,629.86,123.50800000000001,146.0
154.526998,630.322,123.046,143.0
159.477534,634.942,122.738,139.0
164.402337,643.5659999999999,122.584,139.0
169.461982,655.424,122.276,139.0
174.913878,670.0540000000001,121.968,142.0
179.888481,685.1460000000001,121.968,143.0
184.819451,700.8539999999999,121.66000000000001,143.0
189.752383,716.87,121.66000000000001,146.0
194.684452,732.7320000000001,121.66000000000001,147.0
199.63977,748.2860000000001,121.66000000000001,152.0
204.597616,763.224,121.506,156.0
209.563963,777.5459999999999,121.66000000000001,163.0
214.418625,790.1740000000001,121.66000000000001,169.0
219.272446,801.8779999999999,121.968,172.0
224.1052,812.812,121.968,177.0
229.447595,823.13,122.12200000000001,177.0
234.30775,831.908,122.12200000000001,183.0
239.22169,839.9159999999999,122.276,189.0
244.17612,847.0,122.276,189.0
249.181901,853.622,122.584,188.0
254.069973,859.1659999999999,122.584,186.0
259.018699,864.248,122.584,188.0
263.935561,868.56,122.738,193.0
268.835398,872.41,122.892,193.0
273.707366,875.798,122.892,192.0
278.619135,878.724,123.046,196.0
283.951891,881.4960000000001,123.046,195.0
288.824955,883.8059999999999,123.2,197.0
293.747157,885.808,123.2,197.0
298.677531,887.5020000000001,123.2,197.0
303.697397,889.196,123.354,198.0
308.741384,890.582,123.354,198.0
313.65781,891.66,123.354,198.0
318.606767,892.738,123.354,202.0
323.491342,893.662,123.50800000000001,204.0
328.494721,894.432,123.50800000000001,205.0
333.509764,895.0480000000001,123.50800000000001,210.0
338.967035,895.664,123.50800000000001,207.0
343.809778,896.126,123.50800000000001,200.0
348.69592,896.5880000000001,123.662,202.0
353.591345,897.0500000000001,123.50800000000001,205.0
358.459058,897.358,123.662,202.0
363.387976,897.82,123.662,202.0
368.323565,897.974,123.662,204.0
373.289693,898.282,123.662,207.0
378.14617,898.282,123.662,209.0
382.993758,898.282,123.662,214.0
387.979724,898.744,123.662,211.0
393.348349,899.36,123.662,205.0
398.279688,899.36,123.816,205.0
403.153545,899.514,123.662,208.0
408.058449,899.668,123.662,205.0
412.953729,899.668,123.662,203.0
417.726479,899.668,123.662,201.0
422.493562,899.822,123.662,202.0
427.269889,899.822,123.662,202.0
432.039889,899.976,123.662,199.0
436.786878,899.822,123.662,203.0
441.54678,899.514,123.816,206.0
446.785522,899.36,123.816,206.0
451.553069,899.976,123.662,208.0
456.331429,900.13,123.816,204.0
461.121378,900.13,123.816,206.0
465.915202,900.284,123.662,206.0
470.653478,900.4380000000001,123.662,208.0
475.41272,900.4380000000001,123.662,202.0
480.202302,900.4380000000001,123.662,204.0
485.010207,900.284,123.662,206.0
489.817172,900.13,123.662,210.0
494.691568,900.4380000000001,123.816,211.0
500.061888,900.13,123.816,210.0
504.931736,899.976,123.816,211.0
509.809996,900.284,123.662,211.0
514.624904,900.284,123.816,206.0
519.40864,900.13,123.662,205.0
524.191868,900.4380000000001,123.816,205.0
529.038057,900.5920000000001,123.662,202.0
533.875251,900.284,123.662,206.0
538.64555,900.5920000000001,123.816,204.0
543.413024,900.7460000000001,123.662,208.0
548.221123,900.4380000000001,123.816,211.0
553.526773,900.13,123.816,208.0
558.424144,900.284,123.816,205.0
563.267237,900.4380000000001,123.816,205.0
568.13612,900.4380000000001,123.816,205.0
572.97219,900.5920000000001,123.816,208.0
577.770038,900.5920000000001,123.816,205.0
582.573194,900.5920000000001,123.816,206.0
587.400682,900.5920000000001,123.816,204.0
592.223831,900.5920000000001,123.816,202.0
597.041083,900.4380000000001,123.662,208.0
601.832456,900.284,123.816,202.0
607.080367,900.284,123.816,202.0
611.907131,900.9000000000001,123.816,203.0
616.747565,900.9000000000001,123.816,210.0
621.559343,900.7460000000001,123.816,206.0
626.387369,901.208,123.662,205.0
631.220896,901.054,123.816,205.0
636.031702,901.054,123.816,207.0
640.835537,901.054,123.662,205.0
645.687503,900.9000000000001,123.816,206.0
650.487022,901.054,123.816,209.0
655.289181,901.054,123.816,210.0
660.586831,900.9000000000001,123.816,206.0
665.408214,900.7460000000001,123.816,204.0
670.239792,900.7460000000001,123.816,208.0
675.087245,900.5920000000001,123.816,209.0
679.960802,900.5920000000001,123.816,204.0
684.827952,900.5920000000001,123.816,207.0
689.696338,900.5920000000001,123.816,207.0
694.591722,900.5920000000001,123.816,208.0
699.540946,900.7460000000001,123.816,208.0
704.474252,900.7460000000001,123.816,206.0
709.461653,900.7460000000001,123.816,205.0
714.878233,900.7460000000001,123.816,204.0
719.828537,900.9000000000001,123.816,204.0
724.768397,900.9000000000001,123.662,203.0
729.725275,900.9000000000001,123.816,206.0
734.601698,901.054,123.662,204.0
739.424477,900.9000000000001,123.662,203.0
744.251137,900.9000000000001,123.816,205.0
749.154876,900.9000000000001,123.662,201.0
754.012893,900.9000000000001,123.816,202.0
758.899935,900.9000000000001,123.816,202.0
763.8366,900.9000000000001,123.816,205.0
769.226207,900.9000000000001,123.816,206.0
774.07624,900.9000000000001,123.816,208.0
778.947208,900.9000000000001,123.816,208.0
783.837022,900.9000000000001,123.816,208.0
788.744543,900.9000000000001,123.816,204.0
793.687585,900.9000000000001,123.662,204.0
798.687903,900.9000000000001,123.816,206.0
803.63868,900.9000000000001,123.816,207.0
808.577385,903.518,123.662,202.0
813.453515,926.156,123.2,204.0
818.383143,970.97,122.12200000000001,205.0
823.90201,1029.336,121.198,213.0
828.709737,1078.154,120.73599999999999,223.0
833.548584,1123.4299999999998,120.58200000000001,234.0
838.325686,1163.47,120.58200000000001,249.0
843.194081,1199.3519999999999,120.73599999999999,265.0
848.0539,1230.306,121.044,278.0
852.87203,1256.7939999999999,121.352,287.0
857.762125,1279.74,121.66000000000001,294.0
862.658167,1298.99,121.968,295.0
867.562128,1315.314,122.42999999999999,304.0
872.426804,1328.8660000000002,122.738,305.0
877.726129,1341.186,123.2,311.0
882.568504,1350.4260000000002,123.354,312.0
887.415173,1358.28,123.662,308.0
892.229891,1364.902,123.816,308.0
897.056025,1370.2920000000001,124.124,312.0
901.854782,1374.912,124.278,319.0
906.661967,1378.762,124.432,317.0
911.473701,1381.996,124.586,318.0
916.338791,1384.922,124.586,322.0
921.215521,1386.924,124.74000000000001,323.0
926.049281,1388.7720000000002,124.894,323.0
931.369153,1390.62,125.04799999999999,324.0
936.21793,1391.852,125.04799999999999,325.0
941.081442,1393.238,125.20200000000001,323.0
945.923882,1394.47,125.20200000000001,322.0
950.800618,1395.24,125.20200000000001,322.0
955.647582,1395.702,125.20200000000001,318.0
960.53377,1396.318,125.20200000000001,317.0
965.383572,1396.9340000000002,125.356,320.0
970.259127,1397.3960000000002,125.356,320.0
975.147289,1397.704,125.356,321.0
980.006865,1398.166,125.51,324.0
985.358053,1398.628,125.51,322.0
990.224218,1398.936,125.51,322.0
995.09708,1399.09,125.356,319.0
999.959291,1399.398,125.356,322.0
1004.809784,1399.7060000000001,125.51,318.0
1009.661361,1399.8600000000001,125.51,320.0
1014.533954,1400.0140000000001,125.51,322.0
1019.379876,1400.1680000000001,125.51,326.0
1024.244972,1400.3220000000001,125.51,328.0
1029.124565,1400.476,125.51,323.0
1033.977161,1400.63,125.51,324.0
1039.360007,1400.784,125.51,326.0
1044.194305,1400.938,125.51,324.0
1049.052124,1400.938,125.51,326.0
1053.923774,1401.092,125.51,325.0
1058.782683,1401.246,125.51,322.0
1063.635104,1401.246,125.51,321.0
1068.474272,1401.4,125.51,319.0
1073.343556,1401.5539999999999,125.51,322.0
1078.203536,1401.8619999999999,125.51,322.0
1083.077788,1402.0159999999998,125.51,315.0
1087.954818,1402.0159999999998,125.51,318.0
1093.322764,1402.0159999999998,125.664,316.0
1098.214362,1402.1699999999998,125.664,320.0
1103.10501,1402.0159999999998,125.664,319.0
1107.988535,1402.1699999999998,125.664,322.0
1112.878562,1402.1699999999998,125.664,322.0
1117.80812,1402.324,125.51,326.0
1122.699666,1402.324,125.51,328.0
1127.618005,1402.324,125.51,322.0
1132.538928,1402.478,125.51,326.0
1137.454633,1402.478,125.51,328.0
1142.325621,1402.632,125.664,326.0
1147.723564,1402.786,125.664,323.0
1152.6041,1402.786,125.664,324.0
1157.571849,1402.786,125.664,322.0
1162.614634,1402.786,125.664,321.0
1167.642396,1402.786,125.664,320.0
1172.673045,1402.786,125.664,326.0
1177.601207,1402.94,125.51,325.0
1182.540035,1403.094,125.664,327.0
1187.456618,1403.094,125.664,323.0
1192.381517,1403.094,125.664,325.0
1197.304066,1403.094,125.664,323.0
1202.655087,1403.248,125.664,327.0
1207.533132,1403.402,125.664,328.0
1212.431313,1403.402,125.664,326.0
1217.438862,1403.556,125.664,326.0
1222.464859,1403.402,125.664,326.0
1227.352478,1403.402,125.664,330.0
1232.268143,1403.556,125.664,328.0
1237.167091,1403.402,125.664,333.0
1242.086235,1403.556,125.664,330.0
1247.044318,1403.556,125.664,331.0
1251.976551,1403.556,125.664,330.0
1257.380753,1403.556,125.664,325.0
1262.298892,1403.556,125.664,329.0
1267.198926,1403.556,125.664,328.0
1272.157595,1403.71,125.664,331.0
1277.073466,1403.71,125.664,328.0
1281.987136,1403.864,125.664,330.0
1286.928673,1403.864,125.664,334.0
1291.894642,1403.864,125.664,326.0
1296.855056,1403.864,125.664,326.0
1301.775778,1403.864,125.664,329.0
1306.698665,1404.018,125.664,327.0
1312.080418,1404.018,125.664,331.0
1317.02352,1404.018,125.51,332.0
1321.990067,1404.172,125.664,326.0
1327.025405,1404.172,125.664,320.0
1331.992713,1404.172,125.664,322.0
1336.971857,1404.172,125.51,324.0
1341.960275,1404.326,125.664,327.0
1346.925303,1404.326,125.664,330.0
1351.897704,1404.326,125.664,324.0
1356.865799,1404.326,125.664,327.0
1361.822122,1404.48,125.81800000000001,330.0
1367.305497,1404.48,125.664,328.0
1372.306196,1404.48,125.664,328.0
1377.320315,1404.48,125.664,332.0
1382.315661,1404.48,125.664,331.0
1387.339988,1404.634,125.664,328.0
1392.41176,1404.634,125.664,332.0
1397.511174,1404.788,125.664,331.0
1402.544555,1404.788,125.664,332.0
1407.615505,1404.788,125.664,328.0
1412.614346,1404.788,125.664,328.0
1417.575485,1404.788,125.664,332.0
1423.100791,1404.9420000000002,125.664,329.0
1428.073595,1404.9420000000002,125.664,329.0
1433.049909,1404.9420000000002,125.664,331.0
1438.012685,1404.9420000000002,125.664,332.0
1442.991656,1405.0960000000002,125.664,330.0
1447.9335,1405.0960000000002,125.664,324.0
1452.887489,1405.0960000000002,125.664,326.0
1457.865624,1405.25,125.664,325.0
1462.828096,1405.25,125.664,332.0
1467.878752,1405.25,125.664,331.0
1472.949935,1405.404,125.664,325.0
1478.39615,1405.404,125.664,322.0
1483.387425,1405.404,125.664,324.0
1488.409661,1405.404,125.664,323.0
1493.447902,1405.558,125.664,322.0
1498.432691,1405.404,125.664,326.0
1503.388483,1405.558,125.664,324.0
1508.372455,1405.558,125.664,325.0
1513.339426,1405.558,125.664,331.0
1518.302933,1405.558,125.664,327.0
1523.304922,1405.712,125.664,326.0
1528.284995,1405.712,125.664,323.0
1533.800283,1406.328,125.664,325.0
1538.867879,1414.49,125.51,330.0
1543.877754,1444.366,124.74000000000001,335.0
1548.888485,1485.792,123.97,331.0
1553.937533,1527.988,123.354,336.0
1559.045381,1566.95,123.046,346.0
1564.158852,1600.984,123.2,361.0
1569.250417,1629.4740000000002,123.354,367.0
1574.370626,1653.498,123.662,369.0
1579.43606,1673.056,123.97,380.0
1584.53061,1689.0720000000001,124.278,387.0
1590.177145,1703.548,124.586,395.0
1595.334291,1713.8660000000002,125.20200000000001,400.0
1600.405349,1722.182,125.20200000000001,411.0
1605.311384,1728.804,125.356,409.0
1610.207505,1734.194,125.664,401.0
1615.118619,1738.66,125.81800000000001,409.0
1620.049613,1742.356,125.972,407.0
1624.990352,1745.436,126.12600000000002,405.0
1629.912023,1747.9,126.28,400.0
1634.839691,1749.902,126.28,402.0
1640.197335,1751.9040000000002,126.28,409.0
1645.070559,1753.29,126.434,416.0
1649.920543,1754.5220000000002,126.58800000000001,412.0
1654.784453,1755.6000000000001,126.58800000000001,410.0
1659.648809,1756.37,126.58800000000001,412.0
1664.483902,1757.294,126.58800000000001,410.0
1669.299642,1757.91,126.74199999999999,414.0
1674.14931,1758.372,126.74199999999999,415.0
1679.049674,1758.988,126.74199999999999,412.0
1683.961667,1759.45,126.74199999999999,410.0
1688.835129,1759.758,126.74199999999999,417.0
1694.202175,1760.22,126.89600000000002,415.0
1699.105926,1760.528,126.74199999999999,411.0
1703.997581,1760.836,126.89600000000002,414.0
1708.850242,1761.144,126.74199999999999,415.0
1713.702703,1761.452,126.89600000000002,414.0
1718.594639,1761.606,126.74199999999999,409.0
1723.569102,1761.76,126.74199999999999,400.0
1728.46908,1761.914,126.89600000000002,411.0
1733.353226,1762.068,126.89600000000002,412.0
1738.244278,1762.376,126.89600000000002,410.0
1743.251615,1762.376,126.89600000000002,410.0
1748.628924,1762.53,126.89600000000002,408.0
1753.633489,1762.6840000000002,126.89600000000002,409.0
1758.641822,1762.8380000000002,126.89600000000002,409.0
1763.621764,1762.9920000000002,126.89600000000002,409.0
1768.549388,1763.1460000000002,126.89600000000002,407.0
1773.418013,1763.1460000000002,126.89600000000002,404.0
1778.331265,1763.3000000000002,126.89600000000002,407.0
1783.248327,1763.4540000000002,126.89600000000002,412.0
1788.168046,1763.4540000000002,126.89600000000002,412.0
1793.081899,1763.4540000000002,126.89600000000002,417.0
1797.991593,1763.6080000000002,126.89600000000002,422.0
1803.497077,1763.762,127.05,414.0
1808.493845,1763.762,126.89600000000002,408.0
1813.511846,1763.916,127.05,405.0
1818.534546,1764.07,126.89600000000002,411.0
1823.474503,1764.07,126.89600000000002,414.0
1828.403227,1764.07,126.89600000000002,411.0
1833.306244,1764.224,126.89600000000002,409.0
1838.214676,1764.224,126.89600000000002,410.0
1843.17853,1764.224,126.89600000000002,410.0
1848.168429,1764.378,127.05,415.0
1853.186433,1764.378,127.05,422.0
1858.69007,1764.532,127.05,415.0
1863.70308,1764.532,127.05,415.0
1868.699939,1764.686,126.89600000000002,410.0
1873.717002,1764.84,127.05,407.0
1878.657373,1764.84,127.05,408.0
1883.642267,1764.84,127.05,405.0
1888.545656,1764.84,127.05,409.0
1893.473996,1764.84,127.05,411.0
1898.365648,1764.84,127.05,410.0
1903.274563,1764.994,126.89600000000002,407.0
1908.184465,1764.994,126.89600000000002,410.0
1913.675809,1764.994,127.05,408.0
1918.605452,1764.994,126.89600000000002,412.0
1923.548534,1765.148,127.05,411.0
1928.517313,1765.148,126.89600000000002,414.0
1933.565347,1765.148,127.05,411.0
1938.59194,1765.148,126.89600000000002,416.0
1943.573679,1765.302,126.89600000000002,418.0
1948.539089,1765.302,127.05,411.0
1953.511191,1765.302,127.05,419.0
1958.414042,1765.302,127.05,417.0
1963.333873,1765.302,127.05,419.0
1968.722001,1765.302,127.05,418.0
1973.749988,1765.4560000000001,127.05,418.0
1978.801558,1765.4560000000001,127.05,410.0
1983.849701,1765.6100000000001,127.05,418.0
1988.892438,1765.6100000000001,126.89600000000002,417.0
1993.944849,1765.6100000000001,127.05,421.0
1998.939081,1765.6100000000001,127.05,416.0
2003.958846,1765.7640000000001,127.05,417.0
2009.000573,1765.6100000000001,127.05,418.0
2013.912724,1765.7640000000001,127.05,415.0
2018.850224,1765.7640000000001,127.05,416.0
2024.286274,1765.7640000000001,127.05,418.0
2029.215664,1765.7640000000001,127.05,418.0
2034.140605,1765.7640000000001,127.05,421.0
2039.08517,1765.9180000000001,127.05,417.0
2044.014818,1765.9180000000001,127.05,415.0
2048.928325,1765.9180000000001,127.05,410.0
2053.811084,1765.9180000000001,127.05,410.0
2058.726559,1765.9180000000001,127.05,408.0
2063.551437,1765.9180000000001,127.05,405.0
2068.352361,1765.9180000000001,126.89600000000002,402.0
2073.181738,1766.0720000000001,126.89600000000002,407.0
2078.476702,1766.0720000000001,126.89600000000002,410.0
2083.356829,1766.0720000000001,127.05,410.0
2088.198804,1766.0720000000001,126.89600000000002,411.0
2093.032015,1766.0720000000001,127.20400000000001,411.0
2097.851213,1766.226,126.89600000000002,410.0
2102.670098,1766.226,127.05,415.0
2107.520132,1766.226,127.05,408.0
2112.386066,1766.226,127.05,407.0
2117.213652,1766.226,127.05,407.0
2122.004429,1766.226,127.05,409.0
2126.907278,1766.38,127.05,412.0
2132.176337,1766.38,126.89600000000002,408.0
2136.988787,1766.38,127.05,408.0
2141.878978,1766.38,127.05,415.0
2146.761534,1766.38,127.05,410.0
2151.602475,1766.534,127.05,414.0
2156.428018,1766.38,127.05,415.0
2161.203672,1766.38,127.05,414.0
2166.10611,1766.38,127.05,405.0
2170.983854,1766.534,127.05,407.0
2175.907061,1766.38,127.05,412.0
2180.833226,1766.534,127.05,415.0
2186.211742,1766.534,127.05,409.0
2191.097935,1766.534,127.05,410.0
2196.017412,1766.534,127.05,411.0
2200.845659,1766.534,127.05,415.0
2205.672751,1766.534,127.05,408.0
2210.486653,1766.534,127.05,414.0
2215.299672,1766.534,127.05,417.0
2220.134346,1766.534,127.05,416.0
2225.032997,1766.534,127.05,412.0
2229.830156,1766.534,127.05,415.0
2234.664286,1766.534,127.05,414.0
2239.948676,1766.688,127.05,414.0
2244.78087,1768.382,127.05,417.0
2249.714865,1781.01,126.74199999999999,415.0
2254.57468,1809.1920000000002,125.972,415.0
2259.503035,1843.8419999999999,125.51,417.0
2264.428646,1877.106,125.20200000000001,423.0
2269.342055,1906.058,125.04799999999999,429.0
2274.181227,1930.082,125.04799999999999,437.0
2279.144681,1950.102,125.356,448.0
2283.9982,1965.964,125.51,451.0
2288.836863,1978.9,125.81800000000001,459.0
2294.160964,1990.296,125.972,463.0
2298.981921,1998.304,126.28,465.0
2303.847245,2005.08,126.58800000000001,466.0
2308.668715,2010.4700000000003,126.58800000000001,469.0
2313.501249,2014.782,126.89600000000002,472.0
2318.32624,2018.3240000000003,127.05,466.0
2323.163906,2021.2500000000002,127.20400000000001,472.0
2328.061783,2023.714,127.358,468.0
2332.903521,2025.7160000000001,127.358,469.0
2337.722563,2027.41,127.51200000000001,471.0
2342.570076,2028.7959999999998,127.51200000000001,473.0
2347.861359,2030.182,127.666,472.0
2352.718988,2030.952,127.666,477.0
2357.561113,2031.876,127.666,476.0
2362.379364,2032.6460000000002,127.666,471.0
2367.234192,2033.108,127.82,468.0
2372.100997,2033.724,127.82,466.0
2376.96041,2034.032,127.82,468.0
2381.798533,2034.494,127.82,472.0
2386.71189,2034.802,127.974,477.0
2391.603945,2035.11,127.974,473.0
2396.536945,2035.418,127.974,479.0
2401.908483,2035.5720000000001,127.974,483.0
2406.824496,2035.7259999999999,127.974,478.0
2411.733646,2036.0339999999999,128.744,478.0
2416.623039,2036.188,127.974,477.0
2421.483495,2036.3419999999999,128.128,474.0
2426.359936,2036.496,127.974,473.0
2431.272628,2036.496,127.974,472.0
2436.167832,2036.804,127.974,473.0
2441.048303,2036.804,127.974,481.0
2445.923699,2036.9579999999999,127.974,478.0
2450.823835,2037.112,128.282,478.0
2456.184044,2037.112,127.974,474.0
2461.057565,2037.112,127.974,478.0
2466.040013,2037.2660000000003,128.128,476.0
2470.961392,2037.42,127.974,478.0
2475.862835,2037.42,127.974,471.0
2480.778462,2037.42,128.128,474.0
2485.665657,2037.5740000000003,128.128,478.0
2490.564516,2037.5740000000003,128.128,475.0
2495.451554,2037.5740000000003,127.974,482.0
2500.427659,2037.728,128.128,478.0
2505.387009,2037.728,127.974,473.0
2510.854025,2037.728,127.974,472.0
2515.803522,2037.728,127.974,474.0
2520.696166,2037.728,127.974,470.0
2525.582905,2037.8820000000003,127.974,469.0
2530.466547,2037.8820000000003,127.974,474.0
2535.362581,2037.8820000000003,128.128,475.0
2540.256004,2037.8820000000003,127.974,474.0
2545.146277,2038.036,127.974,479.0
2550.116967,2038.036,128.128,483.0
2554.97111,2038.036,128.128,483.0
2559.848175,2038.19,127.974,475.0
2565.1754,2038.19,127.974,470.0
2570.152667,2038.19,127.974,482.0
2575.053505,2038.19,127.974,475.0
2579.946841,2038.19,127.974,479.0
2584.812803,2038.19,128.128,474.0
2589.749037,2038.3439999999998,128.128,475.0
2594.6638,2038.3439999999998,128.282,482.0
2599.542303,2038.3439999999998,128.128,477.0
2604.517434,2038.3439999999998,128.128,473.0
2609.441402,2038.3439999999998,127.974,477.0
2614.362661,2038.3439999999998,128.128,479.0
2619.755903,2038.498,128.128,480.0
2624.662127,2038.498,127.974,475.0
2629.606687,2038.498,128.128,472.0
2634.517151,2038.498,128.128,465.0
2639.504784,2038.498,127.974,464.0
2644.411786,2038.498,128.128,463.0
2649.29133,2038.498,128.128,470.0
2654.205701,2038.498,127.974,470.0
2659.095034,2038.498,128.128,474.0
2664.004866,2038.498,128.128,474.0
2668.905872,2038.498,128.128,478.0
2674.348537,2038.498,127.974,477.0
2679.262602,2038.498,128.128,475.0
2684.138186,2038.6519999999998,127.974,474.0
2689.067156,2038.6519999999998,128.128,475.0
2693.973853,2038.498,128.128,477.0
2698.84407,2038.6519999999998,128.282,480.0
2703.727616,2038.6519999999998,127.974,478.0
2708.636275,2038.6519999999998,128.128,480.0
2713.529494,2038.6519999999998,127.974,479.0
2718.464977,2038.6519999999998,127.974,482.0
2723.395691,2038.6519999999998,127.974,477.0
2728.887807,2038.6519999999998,128.128,478.0
2733.836904,2038.6519999999998,128.128,474.0
2738.757275,2038.6519999999998,127.974,475.0
2743.637982,2038.6519999999998,127.974,464.0
2748.512216,2038.6519999999998,128.128,463.0
2753.440184,2038.6519999999998,127.974,469.0
2758.328616,2038.6519999999998,127.974,469.0
2763.227263,2038.6519999999998,127.974,473.0
2768.145256,2038.6519999999998,128.128,473.0
2773.045342,2038.806,128.128,473.0
2777.946042,2038.6519999999998,128.128,469.0
2783.376658,2038.806,127.974,470.0
2788.372141,2038.806,127.974,478.0
2793.428969,2038.806,128.128,478.0
2798.427217,2038.806,128.128,475.0
2803.448346,2038.806,127.974,474.0
2808.452344,2038.806,127.974,473.0
2813.378306,2038.806,128.128,480.0
2818.308213,2038.806,128.128,475.0
2823.243492,2038.806,127.974,470.0
2828.152483,2038.806,128.282,473.0
2833.063399,2038.806,127.974,469.0
2838.427491,2038.806,127.974,472.0
2843.395913,2038.806,128.128,473.0
2848.366228,2038.9599999999998,127.974,474.0
2853.370015,2038.806,127.974,474.0
2858.293678,2038.806,128.128,469.0
2863.18457,2038.806,128.128,465.0
2868.098946,2038.806,128.128,470.0
2872.996178,2038.806,127.974,472.0
2877.892876,2038.806,127.974,472.0
2882.820159,2038.806,128.128,478.0
2887.747755,2038.806,128.128,479.0
2893.147081,2038.806,128.128,475.0
2898.079975,2038.806,127.974,472.0
2903.010044,2038.806,127.974,473.0
2907.928147,2038.806,127.974,473.0
2912.910507,2038.806,127.974,475.0
2917.83001,2038.806,127.974,473.0
2922.77664,2038.806,127.974,469.0
2927.699859,2038.806,128.282,473.0
2932.647154,2038.806,128.128,475.0
2937.575301,2038.806,127.974,478.0
2942.513751,2038.806,127.974,477.0
2947.944917,2040.8080000000002,128.282,478.0
2952.899307,2053.128,127.666,475.0
2957.850264,2075.304,127.20400000000001,474.0
2962.865995,2102.562,126.74199999999999,479.0
2967.812314,2128.896,126.434,488.0
2972.715381,2151.688,126.434,496.0
2977.653396,2170.938,126.58800000000001,509.0
2982.566047,2186.4919999999997,126.58800000000001,514.0
2987.4839,2198.8120000000004,126.89600000000002,514.0
2992.476424,2208.9759999999997,127.358,513.0
2997.430462,2216.984,127.20400000000001,517.0
3002.866432,2224.0679999999998,127.51200000000001,515.0
3007.841182,2228.996,127.666,523.0
3012.759406,2233.154,127.82,527.0
3017.685676,2236.388,127.974,526.0
3022.60477,2239.006,128.128,526.0
3027.684025,2241.316,128.282,531.0
3032.726053,2243.164,128.282,530.0
3037.798202,2244.5499999999997,128.282,530.0
3042.816428,2245.936,128.436,531.0
3047.823779,2246.8599999999997,128.436,531.0
3052.859885,2247.63,128.59,531.0
3058.432,2248.4,128.59,530.0
3063.511011,2249.016,128.59,523.0
3068.56858,2249.478,128.59,523.0
3073.640854,2249.94,128.59,523.0
3078.71472,2250.248,128.744,521.0
3083.747712,2250.556,128.744,521.0
3088.814654,2250.864,128.744,519.0
3093.874093,2251.018,128.744,519.0
3098.866448,2251.326,128.744,527.0
3103.907464,2251.48,128.744,527.0
3108.852458,2251.634,128.744,525.0
3114.275958,2251.788,128.744,529.0
3119.237208,2251.942,128.744,533.0
3124.159579,2251.942,128.89800000000002,530.0
3129.105447,2252.096,128.89800000000002,522.0
3134.045352,2252.25,128.89800000000002,522.0
3138.985406,2252.25,128.89800000000002,531.0
3143.912521,2252.25,128.89800000000002,529.0
3148.831908,2252.404,128.744,538.0
3153.76605,2252.404,128.89800000000002,534.0
3158.703078,2252.558,128.89800000000002,529.0
3163.654595,2252.712,128.89800000000002,530.0
3169.065548,2252.712,128.89800000000002,530.0
3173.999722,2252.712,128.89800000000002,521.0
3179.027026,2252.712,128.89800000000002,522.0
3184.049156,2252.712,128.744,526.0
3189.088707,2252.866,128.744,523.0
3194.163547,2252.712,128.89800000000002,518.0
3199.226284,2252.866,128.89800000000002,517.0
3204.188443,2252.866,128.89800000000002,521.0
3209.14883,2252.866,128.89800000000002,522.0
3214.125395,2252.866,128.89800000000002,521.0
3219.082474,2253.0200000000004,128.89800000000002,525.0
3224.556156,2253.0200000000004,128.89800000000002,527.0
3229.497156,2253.0200000000004,128.89800000000002,521.0
3234.433001,2253.0200000000004,128.89800000000002,521.0
3239.386121,2253.0200000000004,128.89800000000002,523.0
3244.352411,2253.174,128.89800000000002,522.0
3249.323709,2253.174,128.89800000000002,527.0
3254.28375,2253.0200000000004,128.89800000000002,519.0
3259.209081,2253.174,128.89800000000002,514.0
3264.152459,2253.174,128.89800000000002,521.0
3269.079064,2253.0200000000004,128.89800000000002,523.0
3274.006041,2253.174,128.89800000000002,525.0
3279.401328,2253.174,128.89800000000002,521.0
3284.358696,2253.174,128.89800000000002,527.0
3289.305372,2253.3280000000004,128.89800000000002,527.0
3294.233495,2253.174,128.89800000000002,527.0
3299.2011,2253.174,128.89800000000002,527.0
3304.13712,2253.174,128.89800000000002,529.0
3309.074263,2253.3280000000004,128.89800000000002,522.0
3314.039744,2253.174,128.89800000000002,525.0
3319.007269,2253.174,128.89800000000002,522.0
3323.972741,2253.174,128.89800000000002,515.0
3328.927236,2253.174,128.89800000000002,521.0
3334.394972,2253.3280000000004,128.89800000000002,526.0
3339.359501,2253.3280000000004,128.89800000000002,523.0
3344.45008,2253.3280000000004,128.89800000000002,519.0
3349.433185,2253.3280000000004,128.89800000000002,525.0
3354.401356,2253.174,128.89800000000002,526.0
3359.352827,2253.3280000000004,128.89800000000002,523.0
3364.331446,2253.3280000000004,128.89800000000002,519.0
3369.270651,2253.3280000000004,128.89800000000002,522.0
3374.22481,2253.174,128.89800000000002,522.0
3379.21903,2253.3280000000004,128.89800000000002,523.0
3384.186928,2253.3280000000004,128.89800000000002,525.0
3389.621914,2253.3280000000004,128.89800000000002,529.0
3394.568506,2253.3280000000004,128.89800000000002,526.0
3399.53814,2253.3280000000004,128.89800000000002,525.0
3404.501443,2253.3280000000004,128.89800000000002,529.0
3409.44532,2253.3280000000004,128.89800000000002,523.0
3414.406024,2253.3280000000004,128.89800000000002,522.0
3419.426008,2253.3280000000004,128.89800000000002,526.0
3424.420402,2253.3280000000004,128.89800000000002,526.0
3429.439812,2253.3280000000004,128.89800000000002,529.0
3434.521447,2253.3280000000004,128.89800000000002,529.0
3439.556557,2253.3280000000004,128.89800000000002,523.0
3445.123046,2253.3280000000004,128.89800000000002,525.0
3450.209809,2253.3280000000004,128.89800000000002,527.0
3455.273396,2253.3280000000004,128.89800000000002,519.0
3460.375359,2253.3280000000004,128.89800000000002,521.0
3465.454811,2253.3280000000004,128.89800000000002,517.0
3470.47012,2253.3280000000004,128.89800000000002,518.0
3475.496217,2253.3280000000004,129.052,525.0
3480.570465,2253.3280000000004,128.89800000000002,519.0
3485.679541,2253.3280000000004,128.89800000000002,522.0
3490.749528,2253.3280000000004,128.89800000000002,523.0
3495.769443,2253.3280000000004,128.89800000000002,519.0
3501.239872,2253.3280000000004,128.89800000000002,517.0
3506.226286,2253.3280000000004,128.89800000000002,519.0
3511.211765,2253.3280000000004,128.89800000000002,522.0
3516.181405,2253.3280000000004,128.89800000000002,526.0
3521.161802,2253.3280000000004,128.89800000000002,526.0
3526.127441,2253.3280000000004,129.052,525.0
3531.108694,2253.3280000000004,128.89800000000002,526.0
3536.193587,2253.174,129.052,531.0
3541.220925,2253.174,128.89800000000002,531.0
3546.210121,2253.3280000000004,128.89800000000002,530.0
3551.197814,2253.3280000000004,128.89800000000002,531.0
3556.726091,2253.3280000000004,128.89800000000002,518.0
3561.757173,2253.3280000000004,128.89800000000002,525.0
3566.760791,2253.3280000000004,128.89800000000002,521.0
3571.755404,2253.3280000000004,128.89800000000002,521.0
3576.779156,2253.3280000000004,128.89800000000002,519.0
3581.729603,2253.3280000000004,128.89800000000002,518.0
3586.69535,2253.3280000000004,128.89800000000002,521.0
3591.675476,2253.3280000000004,128.89800000000002,523.0
3596.641614,2253.3280000000004,128.89800000000002,526.0
3601.64406,2253.3280000000004,128.89800000000002,525.0
3606.666273,2253.3280000000004,129.052,531.0
3612.246276,2253.3280000000004,128.89800000000002,525.0
3617.335632,2253.174,128.89800000000002,519.0
3622.320535,2253.174,129.052,517.0
3627.345544,2253.174,128.89800000000002,517.0
3632.360781,2253.174,129.668,518.0
3637.44843,2253.174,129.668,522.0
3642.568864,2253.3280000000004,129.668,521.0
3647.664614,2253.3280000000004,129.668,526.0
3652.755983,2253.174,129.668,525.0
3657.85656,2253.174,129.668,526.0
3662.948348,2253.174,129.668,527.0
3668.561069,2253.174,129.668,523.0
3673.654307,2253.79,129.668,525.0
3678.68808,2261.1820000000002,129.51399999999998,527.0
3683.736137,2280.2780000000002,129.052,522.0
3688.696756,2304.148,128.59,530.0
3693.667574,2327.094,128.436,534.0
3698.659047,2346.96,128.436,535.0
3703.609753,2363.13,127.666,539.0
3708.562641,2375.912,127.974,544.0
3713.552249,2386.384,128.89800000000002,550.0
3718.556437,2394.7,128.89800000000002,550.0
3724.132841,2401.938,129.052,560.0
3729.130656,2407.02,129.20600000000002,561.0
3734.177362,2411.178,129.36,561.0
3739.19051,2414.5660000000003,129.51399999999998,560.0
3744.250006,2417.184,129.668,559.0
3749.256733,2419.34,129.822,560.0
3754.332375,2421.188,129.822,560.0
3759.291708,2422.574,129.052,560.0
3764.273614,2423.806,129.20600000000002,560.0
3769.242411,2424.73,129.20600000000002,564.0
3774.23751,2425.654,129.20600000000002,565.0
3779.739348,2426.27,129.36,567.0
3784.769599,2426.886,129.36,565.0
3789.879651,2427.348,129.36,560.0
3794.999862,2427.81,129.36,561.0
3800.095326,2428.118,129.36,561.0
3805.202509,2428.426,129.36,564.0
3810.259002,2428.734,129.51399999999998,560.0
3815.398856,2428.8880000000004,129.51399999999998,560.0
3820.510476,2429.042,129.51399999999998,560.0
3825.634345,2429.35,129.51399999999998,560.0
3830.780025,2429.504,129.51399999999998,556.0
3836.398858,2429.504,129.51399999999998,556.0
3841.498927,2429.658,129.51399999999998,559.0
3846.646221,2429.812,129.51399999999998,559.0
3851.790366,2429.812,129.51399999999998,556.0
3856.884931,2429.966,129.51399999999998,560.0
3861.97314,2430.12,129.51399999999998,565.0
3867.01881,2430.12,129.51399999999998,563.0
3872.058496,2430.12,129.51399999999998,563.0
3877.12626,2430.274,129.51399999999998,565.0
3882.12165,2430.274,129.51399999999998,567.0
3887.17332,2430.274,129.51399999999998,563.0
3892.72324,2430.274,129.51399999999998,560.0
3897.771206,2430.428,129.51399999999998,559.0
3902.815924,2430.428,129.51399999999998,569.0
3907.845438,2430.274,129.822,567.0
3912.879394,2430.428,129.51399999999998,560.0
3917.959485,2430.5820000000003,129.51399999999998,557.0
3923.053745,2430.5820000000003,129.51399999999998,555.0
3928.084491,2430.5820000000003,129.51399999999998,555.0
3933.104691,2430.5820000000003,129.51399999999998,555.0
3938.201904,2430.5820000000003,129.51399999999998,559.0
3943.318533,2430.736,129.51399999999998,557.0
3948.966147,2430.736,129.668,552.0
3954.048425,2430.736,129.51399999999998,552.0
3959.166447,2430.736,129.51399999999998,559.0
3964.297069,2430.736,129.51399999999998,559.0
3969.420028,2430.736,129.51399999999998,557.0
3974.584009,2430.736,129.51399999999998,559.0
3979.616094,2430.736,129.51399999999998,564.0
3984.734954,2430.736,129.51399999999998,568.0
3989.805319,2430.8900000000003,129.668,568.0
3994.800452,2430.736,129.51399999999998,565.0
3999.848142,2430.736,129.51399999999998,564.0
4005.346352,2430.736,129.51399999999998,564.0
4010.480719,2430.736,129.51399999999998,560.0
4015.61585,2430.736,129.51399999999998,561.0
4020.670494,2430.8900000000003,129.51399999999998,563.0
4025.812053,2430.8900000000003,129.51399999999998,554.0
4030.821504,2430.8900000000003,129.51399999999998,559.0
4035.934675,2430.8900000000003,129.51399999999998,559.0
4041.070148,2430.8900000000003,129.51399999999998,564.0
4046.215376,2430.8900000000003,129.51399999999998,569.0
4051.350278,2430.8900000000003,129.51399999999998,572.0
4056.38059,2430.8900000000003,129.51399999999998,569.0
4062.052171,2430.8900000000003,129.51399999999998,564.0
4067.139256,2430.8900000000003,129.51399999999998,556.0
4072.221113,2430.8900000000003,129.51399999999998,564.0
4077.319057,2430.8900000000003,129.51399999999998,565.0
4082.391664,2430.8900000000003,129.51399999999998,563.0
4087.497254,2430.8900000000003,129.51399999999998,564.0
4092.574275,2430.736,129.51399999999998,569.0
4097.506528,2430.8900000000003,129.51399999999998,563.0
4102.536089,2430.8900000000003,129.51399999999998,563.0
4107.578572,2430.8900000000003,129.51399999999998,565.0
4112.634567,2430.8900000000003,129.51399999999998,567.0
4118.161678,2430.8900000000003,129.51399999999998,561.0
4123.1199,2430.8900000000003,129.51399999999998,564.0
4128.08148,2430.8900000000003,129.51399999999998,561.0
4133.057436,2430.8900000000003,129.51399999999998,555.0
4138.039709,2430.8900000000003,129.51399999999998,554.0
4142.993503,2430.736,129.668,556.0
4147.926898,2430.736,129.51399999999998,555.0
4152.835476,2430.736,129.51399999999998,563.0
4157.739313,2430.736,129.51399999999998,563.0
4162.69854,2430.736,129.51399999999998,561.0
4167.64659,2430.736,129.51399999999998,560.0
4173.068624,2430.736,129.51399999999998,557.0
4178.058229,2430.8900000000003,129.51399999999998,565.0
4183.015503,2430.8900000000003,129.51399999999998,561.0
4187.997998,2430.8900000000003,129.51399999999998,559.0
4192.979004,2430.8900000000003,129.51399999999998,561.0
4197.925472,2430.8900000000003,129.51399999999998,555.0
4202.864955,2430.8900000000003,129.51399999999998,556.0
4207.798143,2430.8900000000003,129.51399999999998,564.0
4212.703629,2430.8900000000003,129.51399999999998,564.0
4217.649751,2430.8900000000003,129.668,554.0
4222.618623,2430.8900000000003,129.51399999999998,556.0
4228.098754,2430.8900000000003,129.668,559.0
4233.07249,2430.8900000000003,129.51399999999998,551.0
4238.055326,2430.8900000000003,129.51399999999998,554.0
4242.944977,2430.8900000000003,129.51399999999998,559.0
4247.894473,2430.8900000000003,129.51399999999998,561.0
4252.809773,2430.736,129.51399999999998,554.0
4257.744301,2430.736,129.51399999999998,548.0
4262.700195,2430.736,129.51399999999998,551.0
4267.611447,2430.736,129.668,556.0
4272.538299,2430.736,130.438,559.0
4277.483111,2430.736,129.668,559.0
4282.927177,2430.736,129.822,554.0
4287.889744,2430.736,129.668,552.0
4292.803502,2430.736,129.51399999999998,557.0
4297.75995,2430.736,129.668,568.0
4302.689133,2430.736,129.668,559.0
4307.638911,2430.736,129.668,560.0
4312.56108,2430.5820000000003,129.668,563.0
4317.530708,2430.736,129.822,569.0
4322.443856,2430.736,129.668,565.0
4327.392927,2430.736,129.51399999999998,555.0
4332.374088,2430.736,129.668,559.0
4337.782502,2430.736,129.668,560.0
4342.764703,2430.5820000000003,129.668,561.0
4347.674802,2430.5820000000003,130.592,563.0
4352.591824,2430.736,129.668,564.0
4357.491374,2430.736,129.822,564.0
4362.401934,2430.5820000000003,129.668,569.0
4367.394511,2430.5820000000003,129.668,564.0
4372.34849,2430.5820000000003,129.668,564.0
4377.284567,2430.5820000000003,130.28400000000002,561.0
4382.254669,2430.5820000000003,130.438,563.0
4387.226832,2431.044,130.438,564.0
4392.678051,2437.974,130.13,561.0
4397.618144,2451.6800000000003,129.822,556.0
4402.571089,2466.31,129.668,561.0
4407.604652,2479.4,129.51399999999998,568.0
4412.563104,2490.18,129.51399999999998,565.0
4417.524,2498.804,129.51399999999998,567.0
4422.490002,2505.734,129.668,572.0
4427.49832,2511.4320000000002,129.822,578.0
4432.497379,2515.744,129.822,581.0
4437.476686,2519.286,129.976,579.0
4442.526973,2522.058,130.13,578.0
4448.060586,2524.522,129.976,579.0
4453.065892,2526.2160000000003,130.28400000000002,579.0
4458.13568,2527.7560000000003,130.438,583.0
4463.152628,2528.988,130.438,574.0
4468.109339,2529.912,130.438,581.0
4473.08797,2530.528,130.438,582.0
4478.006867,2531.144,130.592,579.0
4483.053575,2531.76,130.592,578.0
4488.02035,2532.068,130.592,578.0
4492.974627,2532.5299999999997,130.746,574.0
4497.938389,2532.684,130.592,576.0
4503.388497,2532.992,130.592,577.0
4508.355054,2533.3,130.592,576.0
4513.362476,2533.608,130.592,583.0
4518.397384,2533.608,130.592,585.0
4523.366952,2533.7619999999997,130.592,574.0
4528.339445,2533.916,130.746,574.0
4533.35578,2533.916,130.592,570.0
4538.339081,2534.07,130.13,573.0
4543.354943,2534.224,130.592,579.0
4548.385477,2534.224,130.592,577.0
4553.523026,2534.378,130.592,574.0
4559.071637,2534.378,130.746,573.0
4564.134306,2534.532,130.592,583.0
4569.19213,2534.532,130.746,586.0
4574.234802,2534.532,130.592,581.0
4579.329746,2534.532,130.592,574.0
4584.37172,2534.532,130.592,581.0
4589.452051,2534.532,130.592,574.0
4594.502913,2534.686,130.746,578.0
4599.529785,2534.686,130.746,570.0
4604.59487,2534.686,130.89999999999998,567.0
4609.656521,2534.686,130.746,574.0
4615.111777,2534.686,130.746,572.0
4620.072351,2534.686,130.89999999999998,577.0
4625.073626,2534.686,130.89999999999998,577.0
4630.033767,2534.686,130.746,577.0
4635.019038,2534.84,130.89999999999998,583.0
4640.036067,2534.84,130.89999999999998,582.0
4645.014975,2534.686,130.746,582.0
4650.052811,2534.686,130.89999999999998,583.0
4655.101478,2534.686,130.746,578.0
4660.140185,2534.686,130.28400000000002,579.0
4665.101318,2534.686,130.89999999999998,579.0
4670.586001,2534.84,130.89999999999998,581.0
4675.566892,2534.84,130.89999999999998,588.0
4680.570049,2534.84,130.746,585.0
4685.571123,2534.84,130.89999999999998,590.0
4690.53621,2534.84,130.746,587.0
4695.501832,2534.84,130.89999999999998,586.0
4700.429922,2534.84,130.89999999999998,587.0
4705.388668,2534.686,130.746,579.0
4710.37313,2534.84,130.89999999999998,577.0
4715.355541,2534.84,130.746,577.0
4720.367824,2534.84,130.746,582.0
4725.784228,2534.686,130.89999999999998,577.0
4730.735261,2534.84,130.89999999999998,582.0
4735.664079,2534.84,130.89999999999998,579.0
4740.581763,2534.84,130.746,579.0
4745.60676,2534.84,130.746,577.0
4750.572992,2534.686,130.746,576.0
4755.532699,2534.686,130.89999999999998,585.0
4760.440051,2534.84,130.89999999999998,581.0
4765.364526,2534.686,130.746,579.0
4770.349866,2534.686,130.89999999999998,581.0
4775.333632,2534.686,130.89999999999998,582.0
4780.790121,2534.686,130.89999999999998,578.0
4785.884066,2534.686,130.89999999999998,578.0
4790.908081,2534.686,130.89999999999998,578.0
4795.971047,2534.686,130.746,573.0
4800.975658,2534.686,130.89999999999998,572.0
4805.923849,2534.686,130.746,573.0
4810.92618,2534.686,130.746,574.0
4815.883553,2534.686,130.746,577.0
4820.860003,2534.532,130.89999999999998,573.0
4825.948807,2534.686,130.746,573.0
4831.001869,2534.686,130.89999999999998,573.0
4836.617371,2534.686,130.746,570.0
4841.591232,2534.686,130.746,582.0
4846.560249,2534.532,130.746,579.0
4851.533533,2534.532,130.746,586.0
4856.577427,2534.532,130.746,586.0
4861.558633,2534.532,130.89999999999998,585.0
4866.533821,2534.686,130.746,582.0
4871.522152,2534.686,130.89999999999998,579.0
4876.608652,2534.532,130.89999999999998,583.0
4881.600589,2534.532,130.89999999999998,583.0
4886.559776,2534.532,130.89999999999998,581.0
4892.099567,2534.532,130.89999999999998,578.0
4897.097248,2534.532,130.89999999999998,577.0
4902.174302,2534.532,130.89999999999998,583.0
4907.268689,2534.532,130.89999999999998,581.0
4912.237,2534.532,130.89999999999998,574.0
4917.183045,2534.532,130.89999999999998,574.0
4922.163198,2534.532,130.89999999999998,577.0
4927.140115,2534.532,130.89999999999998,577.0
4932.119065,2534.378,130.89999999999998,576.0
4937.129201,2534.378,130.28400000000002,577.0
4942.122268,2534.532,130.592,582.0
4947.595558,2534.378,130.592,579.0
4952.558912,2534.378,130.28400000000002,579.0
4957.537594,2534.532,130.28400000000002,583.0
4962.497963,2534.378,130.28400000000002,576.0
4967.519645,2534.532,130.28400000000002,574.0
4972.524311,2534.378,130.89999999999998,576.0
4977.514267,2534.378,130.89999999999998,577.0
4982.498341,2534.378,130.746,577.0
4987.451688,2534.378,130.746,573.0
4992.439244,2534.378,130.746,569.0
4997.464618,2534.378,130.746,570.0
5002.960891,2534.378,130.28400000000002,582.0
5007.993611,2534.224,130.28400000000002,579.0
5013.01031,2534.378,130.28400000000002,579.0
5018.03572,2534.378,130.89999999999998,586.0
5023.061881,2534.224,130.746,581.0
5028.114493,2534.224,130.89999999999998,578.0
5033.164537,2534.224,130.746,577.0
5038.173625,2534.224,130.746,577.0
5043.235761,2534.224,130.746,576.0
5048.321679,2534.224,130.746,574.0
5053.386879,2534.224,130.746,577.0
5058.915552,2534.224,130.746,578.0
5063.982576,2534.224,130.89999999999998,572.0
5069.00709,2534.224,130.89999999999998,577.0
5073.998002,2534.224,130.746,581.0
5079.078287,2534.224,130.746,579.0
5084.071447,2534.224,130.746,581.0
5089.062665,2534.224,130.746,579.0
5094.007858,2534.224,130.746,578.0
5098.986923,2534.07,130.89999999999998,579.0
5104.000511,2534.224,130.89999999999998,587.0
5108.995683,2534.224,130.89999999999998,590.0
5114.439701,2534.224,130.746,587.0
5119.37913,2534.224,130.89999999999998,591.0
5124.384291,2534.07,130.89999999999998,585.0
5129.3661,2534.532,130.89999999999998,579.0
5134.335158,2544.388,130.592,585.0
5139.365954,2566.872,130.13,579.0
5144.417958,2598.288,129.51399999999998,583.0
5149.456238,2635.402,129.052,590.0
5154.471961,2672.516,128.744,597.0
5159.470101,2705.01,128.59,605.0
5164.416292,2731.806,128.436,616.0
5169.866248,2755.522,128.89800000000002,623.0
5174.862,2772.616,129.20600000000002,623.0
5179.907124,2786.476,129.668,632.0
5184.930889,2797.564,129.976,632.0
5189.9755,2806.342,130.28400000000002,637.0
5195.004333,2813.272,130.438,647.0
5200.027802,2819.124,130.746,649.0
5205.09197,2823.59,130.89999999999998,647.0
5210.192112,2827.286,131.054,646.0
5215.290647,2830.366,131.054,642.0
5220.40309,2832.83,131.208,649.0
5226.004805,2834.9860000000003,131.362,650.0
5231.080091,2836.68,131.516,644.0
5236.110214,2838.066,131.67000000000002,647.0
5241.236877,2839.1440000000002,131.67000000000002,644.0
5246.287871,2840.068,131.67000000000002,650.0
5251.294805,2840.838,131.82399999999998,650.0
5256.300438,2841.454,131.82399999999998,647.0
5261.358095,2842.07,131.82399999999998,642.0
5266.355834,2842.686,131.67000000000002,644.0
5271.359501,2842.994,131.82399999999998,640.0
5276.345002,2843.456,131.82399999999998,647.0
5281.836132,2843.764,131.82399999999998,647.0
5286.859375,2844.072,131.978,650.0
5291.90201,2844.38,131.978,647.0
5296.908303,2844.688,131.978,644.0
5301.916246,2844.8419999999996,131.978,640.0
5307.008763,2845.1499999999996,131.978,640.0
5312.095416,2845.304,131.978,642.0
5317.171545,2845.304,131.978,646.0
5322.274025,2845.458,131.978,646.0
5327.389876,2845.612,132.132,642.0
5332.433485,2845.766,131.978,644.0
5338.030137,2845.92,131.978,649.0
5343.148595,2845.92,131.82399999999998,636.0
5348.168658,2846.074,131.978,644.0
5353.174486,2846.074,131.978,644.0
5358.210539,2846.228,131.362,646.0
5363.234443,2846.228,131.516,653.0
5368.298567,2846.382,131.362,651.0
5373.318412,2846.382,131.362,646.0
5378.376261,2846.536,131.362,642.0
5383.345644,2846.536,131.208,642.0
5388.360597,2846.536,131.516,642.0
5393.880417,2846.536,131.208,642.0
5399.017208,2846.69,131.208,639.0
5404.078676,2846.69,131.516,642.0
5409.203974,2846.69,131.516,644.0
5414.284087,2846.844,131.516,654.0
5419.374121,2846.844,131.516,650.0
5424.452981,2846.844,131.516,654.0
5429.556891,2846.844,131.516,649.0
5434.664316,2846.844,131.516,653.0
5439.795907,2846.998,131.516,647.0
5444.935019,2846.998,131.516,651.0
5450.535233,2846.998,131.516,653.0
5455.573496,2846.998,131.516,644.0
5460.593545,2847.152,131.516,650.0
5465.694841,2846.998,132.132,650.0
5470.825222,2846.998,132.132,654.0
5475.896151,2847.152,131.516,657.0
5480.929958,2847.152,131.516,654.0
5485.954511,2847.152,131.516,651.0
5490.959889,2847.152,131.516,654.0
5495.97963,2847.306,131.208,651.0
5501.026052,2847.152,131.208,651.0
5506.524788,2847.306,131.208,650.0
5511.536692,2847.306,131.516,643.0
5516.561545,2847.306,131.516,649.0
5521.657413,2847.306,131.516,647.0
5526.763767,2847.306,131.516,650.0
5531.891285,2847.306,131.516,649.0
5537.001231,2847.306,131.516,650.0
5542.115492,2847.306,131.516,651.0
5547.231123,2847.46,131.516,653.0
5552.269917,2847.306,131.516,656.0
5557.379943,2847.306,131.516,656.0
5562.909437,2847.46,131.516,651.0
5567.950545,2847.306,131.516,646.0
5572.996592,2847.46,131.516,649.0
5578.042609,2847.46,131.516,651.0
5583.073959,2847.46,131.516,644.0
5588.143246,2847.46,131.516,644.0
5593.213477,2847.46,131.516,639.0
5598.292363,2847.46,131.516,647.0
5603.328167,2847.306,131.516,653.0
5608.379773,2847.306,131.516,649.0
5613.423501,2847.46,132.286,646.0
5618.972854,2847.46,131.516,653.0
5624.047544,2847.46,131.516,653.0
5629.081797,2847.306,131.516,650.0
5634.134979,2847.306,131.516,647.0
5639.213102,2847.306,131.516,644.0
5644.231927,2847.306,131.362,646.0
5649.292525,2847.306,131.208,646.0
5654.356313,2847.46,131.362,640.0
5659.375943,2847.46,131.362,644.0
5664.370979,2847.306,131.208,649.0
5669.386074,2847.306,131.362,650.0
5674.882476,2847.46,131.208,646.0
5679.921823,2847.306,131.516,643.0
5685.03569,2847.46,131.516,633.0
5690.103115,2847.306,131.516,639.0
5695.208221,2847.306,131.516,639.0
5700.273949,2847.306,131.67000000000002,646.0
5705.287389,2846.998,131.67000000000002,649.0
5710.432121,2846.382,131.67000000000002,651.0
5715.498811,2845.92,131.67000000000002,644.0
5720.668562,2845.458,131.67000000000002,651.0
5725.820577,2845.1499999999996,131.516,644.0
5731.412933,2844.8419999999996,131.516,650.0
5736.52785,2844.688,131.67000000000002,651.0
5741.56587,2844.38,131.516,651.0
5746.567996,2844.226,131.516,642.0
5751.597555,2844.226,131.67000000000002,639.0
5756.659586,2844.072,131.516,644.0
5761.716589,2844.072,131.516,640.0
5766.799013,2843.918,131.516,640.0
5771.879167,2843.918,131.516,640.0
5776.937082,2843.918,131.516,644.0
5782.035518,2843.918,131.67000000000002,649.0
5787.604257,2843.764,131.208,649.0
5792.682303,2843.764,131.208,646.0
5797.77002,2843.764,131.208,650.0
5802.816401,2843.61,131.208,646.0
5807.872231,2843.61,131.208,644.0
5812.950017,2843.61,131.208,642.0
5818.010091,2843.61,131.208,647.0
5823.060094,2843.61,131.208,650.0
5828.216436,2843.61,131.208,651.0
5833.338348,2843.456,131.516,642.0
5838.412436,2843.456,131.208,637.0
5844.023155,2843.456,131.208,642.0
5849.213225,2843.456,131.208,646.0
5854.383564,2843.302,131.208,649.0
5859.572762,2842.994,131.208,644.0
5864.648468,2856.5460000000003,130.89999999999998,643.0
5869.813617,2894.584,130.13,643.0
5874.975016,2946.79,129.052,647.0
5880.093581,2999.766,128.436,664.0
5885.159517,3046.582,128.128,676.0
5890.232826,3086.16,128.128,686.0
5895.405372,3119.2700000000004,128.436,701.0
5901.039689,3147.914,128.89800000000002,705.0
5906.118569,3168.396,129.36,699.0
5911.209222,3184.8740000000003,129.976,708.0
5916.285691,3197.9640000000004,130.438,722.0
5921.380079,3208.4359999999997,130.746,734.0
5926.45565,3216.9060000000004,131.054,737.0
5931.508199,3223.836,131.362,732.0
5936.605442,3229.38,131.362,738.0
5941.687005,3233.846,131.516,735.0
5946.795452,3237.542,131.67000000000002,732.0
5951.85687,3240.6220000000003,131.978,728.0
5957.437435,3243.2400000000002,131.978,731.0
5962.520492,3245.3959999999997,132.132,734.0
5967.588131,3246.936,132.286,735.0
5972.688532,3248.476,132.286,740.0
5977.771303,3249.554,132.44,744.0
5982.836676,3250.478,132.44,743.0
5987.893232,3251.402,132.44,741.0
5993.023704,3252.018,132.594,741.0
5998.168595,3252.788,132.594,741.0
6003.350066,3253.25,132.594,740.0
6008.416845,3253.712,132.594,734.0
6013.998904,3254.328,132.594,740.0
6019.108078,3254.482,132.594,737.0
6024.213688,3254.944,132.594,732.0
6029.312967,3255.252,132.74800000000002,732.0
6034.465526,3255.56,132.74800000000002,734.0
6039.545514,3255.56,132.74800000000002,738.0
6044.596944,3255.868,132.74800000000002,743.0
6049.681487,3256.0220000000004,132.74800000000002,732.0
6054.770373,3256.176,132.74800000000002,720.0
6059.831646,3256.3300000000004,132.74800000000002,735.0
6064.934447,3256.638,132.74800000000002,732.0
6070.52228,3256.792,132.74800000000002,734.0
6075.694654,3256.792,132.74800000000002,738.0
6080.902068,3257.1,132.74800000000002,743.0
6085.973561,3257.254,132.74800000000002,741.0
6091.136685,3257.254,132.902,731.0
6096.216175,3257.254,132.74800000000002,732.0
6101.328297,3257.408,132.74800000000002,732.0
6106.431418,3257.408,132.74800000000002,734.0
6111.547633,3257.562,132.902,734.0
6116.642891,3257.562,132.902,737.0
6121.709742,3257.7160000000003,132.902,734.0
6127.39237,3257.7160000000003,132.74800000000002,731.0
6132.469342,3257.7160000000003,132.74800000000002,734.0
6137.530633,3257.87,132.902,738.0
6142.573084,3257.87,132.74800000000002,738.0
6147.671902,3257.87,132.902,729.0
6152.761737,3258.0240000000003,132.902,729.0
6157.88934,3258.0240000000003,132.74800000000002,732.0
6163.080164,3258.0240000000003,132.902,738.0
6168.251176,3258.0240000000003,132.74800000000002,740.0
6173.455792,3258.0240000000003,132.74800000000002,740.0
6178.659206,3258.0240000000003,132.74800000000002,740.0
6184.377103,3258.0240000000003,132.74800000000002,734.0
6189.485357,3258.0240000000003,132.74800000000002,726.0
6194.642899,3258.178,132.902,734.0
6199.836744,3258.178,132.74800000000002,734.0
6204.959712,3258.178,132.902,737.0
6210.063216,3258.178,132.902,735.0
6215.094734,3258.0240000000003,132.902,732.0
6220.144625,3258.0240000000003,132.74800000000002,729.0
6225.244548,3258.0240000000003,132.902,732.0
6230.389977,3258.0240000000003,132.902,738.0
6235.607265,3258.0240000000003,132.902,735.0
6241.34124,3258.0240000000003,132.902,737.0
6246.457917,3257.87,132.74800000000002,737.0
6251.561226,3258.0240000000003,132.74800000000002,737.0
6256.67534,3258.0240000000003,132.902,734.0
6261.769704,3258.0240000000003,132.902,726.0
6266.913534,3258.0240000000003,132.902,731.0
6272.010944,3258.0240000000003,132.902,728.0
6277.071427,3258.0240000000003,132.902,736.0
6282.123775,3258.0240000000003,132.902,734.0
6287.195667,3258.0240000000003,132.902,731.0
6292.361646,3258.0240000000003,132.902,731.0
6298.096571,3258.0240000000003,132.902,733.0
6303.317996,3257.87,132.902,731.0
6308.533526,3257.87,132.902,734.0
6313.716279,3257.87,132.902,731.0
6318.883878,3257.87,132.902,730.0
6324.027039,3257.7160000000003,132.902,728.0
6329.222486,3257.87,132.902,730.0
6334.421648,3257.87,132.902,728.0
6339.605506,3257.87,132.902,727.0
6344.741149,3257.87,133.21,730.0
6349.944663,3257.87,133.056,739.0
6355.558517,3257.7160000000003,133.364,731.0
6360.71782,3257.87,133.364,737.0
6365.971873,3257.7160000000003,133.364,733.0
6371.072513,3257.7160000000003,133.056,734.0
6376.172741,3257.7160000000003,132.902,739.0
6381.356081,3257.7160000000003,132.902,736.0
6386.535454,3257.562,132.902,733.0
6391.758391,3257.562,132.902,730.0
6397.007856,3257.408,132.902,733.0
6402.197347,3257.408,132.902,727.0
6407.322684,3257.408,132.902,722.0
6412.867451,3257.408,132.902,727.0
6417.961371,3257.254,132.902,734.0
6423.066162,3257.254,132.902,731.0
6428.178645,3257.254,133.056,727.0
6433.33484,3257.254,132.902,727.0
6438.467318,3257.1,132.902,733.0
6443.563846,3257.1,132.902,731.0
6448.65628,3257.1,132.902,730.0
6453.75588,3257.1,133.056,725.0
6458.850002,3256.946,133.056,728.0
6463.967595,3256.946,132.902,725.0
6469.66707,3256.792,132.902,733.0
6474.915337,3256.792,132.902,728.0
6480.040052,3256.792,133.056,725.0
6485.16652,3256.638,132.902,721.0
6490.303671,3256.638,132.902,728.0
6495.492767,3256.792,133.21,731.0
6500.675798,3256.638,133.21,734.0
6505.844319,3256.638,133.21,725.0
6510.999776,3256.484,133.21,725.0
6516.094297,3256.484,133.21,727.0
6521.19027,3256.484,133.056,733.0
6526.802292,3256.484,133.056,728.0
6531.883477,3256.3300000000004,133.21,728.0
6536.962767,3256.3300000000004,132.902,722.0
6542.076176,3256.176,132.902,718.0
6547.190993,3256.176,133.21,725.0
6552.306573,3256.176,133.056,733.0
6557.427393,3256.176,132.902,730.0
6562.588448,3256.0220000000004,132.902,733.0
6567.652392,3256.0220000000004,132.902,734.0
6572.739681,3256.0220000000004,132.902,719.0
6577.802836,3255.868,133.056,727.0
6583.394408,3255.7140000000004,132.902,725.0
6588.491613,3255.7140000000004,133.056,728.0
6593.598773,3255.252,133.056,731.0
6598.819307,3259.5640000000003,132.902,730.0
6604.051875,3277.2740000000003,132.44,734.0
6609.295549,3307.458,131.82399999999998,736.0
6614.52153,3341.184,131.208,737.0
6619.725121,3372.292,131.054,739.0
6624.908434,3399.3959999999997,131.054,745.0
6630.062752,3421.572,131.208,760.0
6635.247177,3439.8979999999997,131.362,769.0
6640.958052,3456.068,131.67000000000002,767.0
6646.160582,3467.926,131.978,767.0
6651.40103,3477.32,132.286,779.0
6656.518463,3484.8660000000004,132.44,776.0
6661.711358,3491.0260000000003,132.902,775.0
6666.855274,3495.954,132.902,784.0
6672.136549,3499.958,132.902,787.0
6677.345059,3503.192,133.056,779.0
6682.588778,3505.964,133.21,778.0
6687.865729,3508.12,133.21,778.0
6693.133116,3509.9680000000003,133.67200000000003,776.0
6698.896229,3511.6620000000003,133.364,767.0
6704.070373,3512.74,133.518,766.0
6709.232211,3513.6639999999998,133.518,775.0
6714.532878,3514.588,133.518,782.0
6719.799339,3515.204,133.518,776.0
6725.03409,3515.666,133.67200000000003,773.0
6730.290069,3516.128,133.67200000000003,773.0
6735.52858,3516.5899999999997,133.98000000000002,775.0
6740.706362,3516.8979999999997,134.13400000000001,778.0
6745.886475,3517.206,134.13400000000001,779.0
6751.077413,3517.36,134.13400000000001,783.0
6756.773855,3517.668,134.13400000000001,782.0
6761.924681,3517.668,134.13400000000001,779.0
6767.064531,3517.668,134.13400000000001,774.0
6772.237509,3517.822,134.13400000000001,780.0
6777.524849,3517.976,134.13400000000001,776.0
6782.843742,3518.13,134.13400000000001,782.0
6788.103201,3518.13,134.28799999999998,780.0
6793.34856,3518.284,134.28799999999998,793.0
6798.637927,3518.284,134.28799999999998,785.0
6803.890962,3518.438,134.28799999999998,780.0
6809.126289,3518.438,133.98000000000002,788.0
6814.941704,3518.438,133.98000000000002,793.0
6820.166686,3518.438,133.98000000000002,789.0
6825.37446,3518.438,133.98000000000002,783.0
6830.543604,3518.438,133.98000000000002,780.0
6835.721227,3518.438,134.28799999999998,782.0
6840.862937,3518.438,134.28799999999998,783.0
6846.013662,3518.284,134.28799999999998,786.0
6851.246069,3518.284,134.28799999999998,788.0
6856.481795,3518.284,134.28799999999998,788.0
6861.719252,3518.284,134.28799999999998,799.0
6867.000071,3518.284,134.28799999999998,794.0
6872.806303,3518.284,134.28799999999998,791.0
6878.09672,3518.13,134.28799999999998,788.0
6883.35717,3518.13,134.28799999999998,786.0
6888.639354,3518.13,134.28799999999998,789.0
6893.942922,3517.822,134.28799999999998,782.0
6899.20083,3517.822,134.28799999999998,786.0
6904.448444,3517.822,134.28799999999998,780.0
6909.671975,3517.822,134.28799999999998,788.0
6914.934648,3517.822,134.28799999999998,788.0
6920.088565,3517.668,134.28799999999998,779.0
6925.274127,3517.668,134.28799999999998,782.0
6930.953677,3517.514,134.28799999999998,779.0
6936.156118,3517.514,134.28799999999998,783.0
6941.442445,3517.514,134.28799999999998,788.0
6946.711164,3517.36,134.28799999999998,780.0
6951.945308,3517.36,133.98000000000002,779.0
6957.169896,3517.36,134.13400000000001,786.0
6962.334845,3517.206,133.98000000000002,787.0
6967.55947,3517.206,134.13400000000001,784.0
6972.749002,3517.206,133.98000000000002,780.0
6977.920933,3517.206,134.13400000000001,774.0
6983.126375,3517.052,134.13400000000001,777.0
6988.802266,3517.052,134.13400000000001,775.0
6993.933925,3516.8979999999997,133.98000000000002,781.0
6999.180772,3516.8979999999997,133.98000000000002,784.0
7004.361327,3516.744,133.98000000000002,780.0
7009.530458,3516.5899999999997,134.13400000000001,783.0
7014.739435,3516.5899999999997,133.98000000000002,780.0
7019.918589,3516.5899999999997,134.13400000000001,787.0
7025.201251,3516.436,133.98000000000002,792.0
7030.455471,3516.2819999999997,134.13400000000001,789.0
7035.718582,3516.2819999999997,134.13400000000001,781.0
7041.033198,3516.128,133.98000000000002,775.0
7046.688758,3515.974,133.98000000000002,778.0
7051.868659,3515.974,134.13400000000001,774.0
7057.044658,3515.974,134.13400000000001,777.0
7062.196907,3515.82,134.13400000000001,783.0
7067.50976,3515.666,134.13400000000001,783.0
7072.717159,3515.666,134.13400000000001,780.0
7077.877942,3515.666,134.442,780.0
7083.127713,3515.512,133.98000000000002,778.0
7088.396544,3515.358,134.442,778.0
7093.555745,3515.358,134.28799999999998,781.0
7098.727645,3515.204,134.13400000000001,781.0
7104.556798,3515.204,134.13400000000001,784.0
7109.842698,3515.204,134.13400000000001,777.0
7115.144599,3515.05,134.13400000000001,777.0
7120.362368,3515.05,134.13400000000001,774.0
7125.552969,3514.896,133.98000000000002,771.0
7130.725734,3514.896,134.13400000000001,774.0
7135.929657,3514.742,134.13400000000001,781.0
7141.12949,3514.742,134.13400000000001,789.0
7146.371971,3514.588,134.13400000000001,783.0
7151.575607,3514.434,134.13400000000001,781.0
7156.800166,3514.434,134.13400000000001,783.0
7162.481773,3514.2799999999997,134.13400000000001,775.0
7167.622187,3514.2799999999997,134.13400000000001,786.0
7172.79077,3514.126,134.13400000000001,790.0
7177.978676,3514.126,134.442,783.0
7183.239998,3513.9719999999998,134.442,787.0
7188.499417,3513.818,134.442,781.0
7193.772594,3513.818,134.442,780.0
7199.017336,3513.6639999999998,134.442,778.0
7204.201119,3513.51,134.442,787.0
7209.48853,3513.6639999999998,134.28799999999998,792.0
7214.774407,3513.51,134.442,778.0
7220.489535,3513.51,134.442,781.0
7225.667388,3513.51,134.442,786.0
7230.828186,3513.202,134.28799999999998,777.0
7236.015248,3513.3559999999998,134.442,790.0
7241.186496,3513.202,134.442,793.0
7246.307074,3513.048,134.442,786.0
7251.425458,3512.8940000000002,134.442,777.0
7256.557278,3512.8940000000002,134.442,781.0
7261.725197,3512.74,134.442,781.0
7266.889188,3512.5860000000002,134.442,775.0
7272.045319,3512.432,134.442,775.0
7277.685249,3512.432,134.442,774.0
7282.821822,3512.2780000000002,134.442,777.0
7287.99494,3512.124,134.442,778.0
7293.157022,3512.124,134.442,781.0
7298.317074,3511.9700000000003,134.442,783.0
7303.473876,3511.9700000000003,134.442,777.0
7308.722308,3511.6620000000003,134.442,784.0
7313.965591,3511.8160000000003,134.442,778.0
7319.171211,3511.6620000000003,134.442,777.0
