1.209251,187.572,122.42999999999999,4.0
16.615485,186.032,121.81400000000001,39.0
21.509404,185.724,121.66000000000001,40.0
26.460567,185.416,121.66000000000001,43.0
31.304977,183.414,121.66000000000001,42.0
36.180352,179.102,121.66000000000001,39.0
41.084204,173.71200000000002,121.81400000000001,37.0
46.000074,167.86,121.81400000000001,39.0
50.842213,162.77800000000002,121.81400000000001,34.0
55.696596,158.158,121.81400000000001,35.0
60.976995,154.0,121.81400000000001,38.0
65.864062,150.76600000000002,121.81400000000001,34.0
70.828579,147.99400000000003,121.81400000000001,32.0
75.820218,145.684,121.968,31.0
80.872493,143.68200000000002,121.968,29.0
85.94481,142.142,121.66000000000001,25.0
90.730965,140.91,121.81400000000001,24.0
95.542131,139.83200000000002,121.506,25.0
100.409904,139.06199999999998,121.506,24.0
105.271928,138.292,121.352,25.0
110.504301,137.522,121.352,28.0
115.255083,137.06,121.352,28.0
120.016054,136.752,121.352,28.0
124.802181,136.29,121.352,26.0
129.627221,135.982,121.352,24.0
134.450389,135.67399999999998,121.506,26.0
139.26732,135.52,121.352,28.0
144.082724,135.366,121.352,29.0
148.941446,135.212,121.352,26.0
153.84253,135.05800000000002,121.352,24.0
158.77112,134.75,121.352,26.0
164.201456,134.75,121.352,27.0
169.085397,134.596,121.352,28.0
173.917471,134.442,121.352,28.0
178.756501,134.28799999999998,121.352,26.0
183.53938,134.28799999999998,121.352,23.0
188.347829,134.28799999999998,121.66000000000001,23.0
193.176417,134.13400000000001,121.352,25.0
198.025543,134.13400000000001,121.66000000000001,25.0
202.88157,133.98000000000002,121.352,25.0
207.732309,133.98000000000002,121.352,25.0
212.459662,133.98000000000002,121.352,26.0
217.661066,133.826,121.352,26.0
222.409212,133.826,121.352,26.0
227.149752,133.826,121.352,27.0
231.906822,133.67200000000003,121.198,26.0
236.653674,133.67200000000003,121.352,26.0
241.407471,133.67200000000003,121.198,23.0
246.203679,133.67200000000003,121.198,25.0
251.019822,133.518,121.352,23.0
255.80367,133.518,121.352,25.0
260.643424,133.518,121.66000000000001,25.0
265.509043,133.518,121.352,24.0
270.867438,133.518,121.352,23.0
275.722543,133.364,121.352,24.0
280.620383,133.364,121.352,24.0
285.531829,133.364,121.352,25.0
290.434814,133.364,121.352,25.0
295.330007,133.21,121.352,25.0
300.227293,133.21,121.352,25.0
305.109347,133.21,121.352,26.0
310.024216,133.21,121.352,23.0
314.92809,133.21,121.352,22.0
319.847354,133.056,121.352,24.0
325.233096,133.056,121.506,25.0
330.033737,133.056,121.352,28.0
334.832491,133.056,121.352,27.0
339.684172,133.056,121.352,24.0
344.50071,133.056,121.352,25.0
349.297218,133.056,121.352,26.0
354.100871,132.902,121.352,26.0
358.911119,132.902,121.352,25.0
363.729542,132.902,121.352,24.0
368.55477,132.902,121.352,25.0
373.378506,132.902,121.352,25.0
378.703797,132.902,121.352,26.0
383.531136,132.74800000000002,121.352,28.0
388.428657,132.74800000000002,121.352,28.0
393.3543,132.74800000000002,121.352,28.0
398.217352,132.74800000000002,121.352,26.0
403.128067,132.74800000000002,121.352,25.0
408.045568,132.74800000000002,121.352,25.0
412.956822,132.74800000000002,121.352,24.0
417.692595,132.594,121.352,24.0
422.446102,132.594,121.352,25.0
427.205219,132.594,121.352,22.0
432.422421,132.594,121.352,23.0
437.22309,132.594,121.352,21.0
441.997125,132.594,121.352,24.0
446.766099,132.594,121.352,24.0
451.557937,132.594,121.352,24.0
456.304938,132.594,121.352,24.0
461.038059,132.44,121.352,24.0
465.843035,132.44,121.352,25.0
470.605327,132.44,121.352,21.0
475.406134,132.44,121.352,24.0
480.181808,132.44,121.352,26.0
485.451013,132.44,121.352,24.0
490.258356,132.44,121.352,22.0
495.104734,132.44,121.352,25.0
500.009882,132.44,121.352,26.0
504.810377,132.44,121.506,24.0
509.604757,132.286,121.352,23.0
514.357458,132.44,121.352,24.0
519.118522,132.44,121.352,25.0
523.929542,132.44,121.352,26.0
528.763418,132.44,121.352,26.0
533.588827,132.286,121.352,26.0
538.841297,132.286,121.352,28.0
543.637314,132.286,121.352,25.0
548.443871,132.286,121.352,25.0
553.240279,132.286,121.352,25.0
558.013522,132.286,121.352,24.0
562.785342,132.132,121.198,22.0
567.604343,132.286,121.352,23.0
572.448747,132.286,121.352,24.0
577.293947,132.286,121.352,24.0
582.110687,132.286,121.66000000000001,25.0
586.942351,132.132,121.352,25.0
592.199459,132.132,121.352,26.0
596.989032,132.132,121.506,23.0
601.872476,132.132,121.352,25.0
606.660769,132.132,121.352,25.0
611.495927,132.132,121.352,24.0
616.29068,132.132,121.66000000000001,24.0
621.082299,132.132,121.352,21.0
625.886161,132.132,121.352,23.0
630.683827,132.132,121.198,25.0
635.494314,132.132,121.352,25.0
640.311868,132.132,121.352,25.0
645.581605,131.978,121.352,26.0
650.393828,132.132,121.506,25.0
655.214683,132.132,121.352,25.0
660.06192,132.132,121.352,24.0
664.889808,131.978,121.352,25.0
669.781057,131.978,121.352,25.0
674.708415,131.978,121.352,24.0
679.64786,131.978,121.352,24.0
684.559331,131.978,121.352,24.0
689.44337,131.978,121.352,22.0
694.330922,131.978,121.352,25.0
699.642607,131.978,121.352,24.0
704.572053,131.978,121.352,22.0
709.504572,131.978,121.352,24.0
714.42747,131.978,121.352,24.0
719.407145,131.978,121.66000000000001,23.0
724.268664,131.978,121.352,22.0
729.176441,131.978,121.352,22.0
734.091951,131.82399999999998,121.352,23.0
739.042006,131.82399999999998,121.352,26.0
743.963729,131.978,121.352,25.0
748.892246,131.82399999999998,121.352,23.0
754.306798,131.82399999999998,121.352,22.0
759.257042,131.82399999999998,121.352,22.0
764.218943,131.82399999999998,121.352,23.0
769.168042,131.82399999999998,121.352,24.0
774.088036,131.82399999999998,121.352,23.0
778.961157,131.82399999999998,121.352,24.0
783.830798,131.82399999999998,121.352,25.0
788.722002,131.82399999999998,121.352,25.0
793.633381,131.82399999999998,121.66000000000001,20.0
798.57754,131.82399999999998,121.352,22.0
803.45257,131.82399999999998,121.352,22.0
808.794498,131.82399999999998,121.352,21.0
813.703615,131.82399999999998,121.66000000000001,21.0
818.576424,131.82399999999998,121.352,21.0
823.426072,131.82399999999998,121.352,23.0
828.169635,131.82399999999998,121.352,26.0
832.980815,131.82399999999998,121.66000000000001,24.0
837.716356,131.67000000000002,121.81400000000001,25.0
842.508544,131.82399999999998,121.352,22.0
847.301156,131.67000000000002,121.352,22.0
852.044124,131.67000000000002,121.352,21.0
856.779796,131.67000000000002,121.352,23.0
862.007962,131.67000000000002,121.352,24.0
866.779999,131.67000000000002,121.352,25.0
871.574935,131.67000000000002,121.352,26.0
876.352702,131.67000000000002,121.352,25.0
881.088272,131.67000000000002,121.352,21.0
885.873655,131.67000000000002,121.352,21.0
890.699097,131.67000000000002,121.352,22.0
895.486291,131.67000000000002,121.352,22.0
900.289904,131.67000000000002,121.352,22.0
905.08871,131.67000000000002,121.352,21.0
909.8556,131.67000000000002,121.352,19.0
915.125584,131.67000000000002,121.352,21.0
919.890041,131.67000000000002,121.352,21.0
924.646757,131.67000000000002,121.352,22.0
929.431634,131.516,121.352,19.0
934.257775,131.67000000000002,121.352,20.0
939.063101,131.67000000000002,121.352,22.0
943.849718,131.67000000000002,121.352,24.0
948.640836,131.516,121.352,24.0
953.409348,131.516,121.352,25.0
958.242003,131.516,121.352,24.0
963.057808,131.67000000000002,121.352,22.0
968.360832,131.516,121.352,17.0
973.192786,131.516,121.352,20.0
978.021047,131.978,121.352,22.0
982.852839,141.988,121.044,23.0
987.691319,158.774,120.73599999999999,22.0
992.528709,169.554,120.58200000000001,23.0
997.370009,174.79,120.73599999999999,29.0
1002.174381,178.48600000000002,120.73599999999999,33.0
1006.995008,182.33599999999998,120.89,34.0
1011.797217,185.724,120.89,34.0
1016.58027,187.10999999999999,121.044,35.0
1021.868579,186.032,121.198,34.0
1026.7278,187.264,121.506,36.0
1031.554012,189.266,121.198,38.0
1036.390142,190.036,121.352,39.0
1041.23697,189.266,121.352,38.0
1046.047897,187.88,121.506,35.0
1050.83663,187.418,121.506,34.0
1055.652676,187.88,121.506,36.0
1060.48256,188.804,121.506,37.0
1065.329939,189.882,121.506,36.0
1070.190401,190.65200000000002,121.506,39.0
1075.554321,191.114,121.506,39.0
1080.386559,191.576,121.506,36.0
1085.222844,191.73000000000002,121.506,32.0
1090.051829,192.038,121.506,39.0
1094.872414,192.192,121.506,41.0
1099.769623,192.346,121.506,37.0
1104.705563,192.654,121.66000000000001,36.0
1109.652835,192.80800000000002,121.506,39.0
1114.571236,193.116,121.506,36.0
1119.460606,193.27,121.506,35.0
1124.358371,193.27,121.506,37.0
1129.662962,193.578,121.506,37.0
1134.501772,193.886,121.506,38.0
1139.346847,194.19400000000002,121.968,40.0
1144.178509,194.502,121.968,39.0
1149.092352,194.964,121.968,37.0
1153.974463,195.272,121.968,37.0
1158.843341,195.42600000000002,122.12200000000001,38.0
1163.750212,195.73399999999998,121.506,39.0
1168.590572,195.888,121.506,37.0
1173.489557,196.042,121.506,40.0
1178.413562,196.196,121.968,38.0
1183.84212,196.35,121.968,37.0
1188.749694,196.50400000000002,121.968,39.0
1193.660652,196.812,121.968,39.0
1198.573113,196.966,121.968,39.0
1203.494682,197.12,121.968,39.0
1208.345665,197.428,121.968,38.0
1213.208372,197.582,121.968,37.0
1218.036227,197.89000000000001,121.968,37.0
1222.897041,198.044,121.968,38.0
1227.733341,198.198,121.968,38.0
1232.583938,198.50600000000003,121.968,38.0
1237.904458,198.66,121.968,39.0
1242.856818,198.814,121.968,38.0
1247.685554,198.96800000000002,121.968,38.0
1252.516402,199.12199999999999,121.968,38.0
1257.350937,199.276,121.968,36.0
1262.155417,199.276,121.968,39.0
1266.996316,199.43,121.968,38.0
1271.822757,199.584,121.968,41.0
1276.764731,199.584,121.968,40.0
1281.605025,199.738,121.968,38.0
1286.496114,199.89200000000002,121.968,39.0
1291.853803,200.20000000000002,121.968,37.0
1296.730484,200.20000000000002,121.968,39.0
1301.603404,200.354,121.968,39.0
1306.469423,200.50799999999998,121.968,38.0
1311.342381,200.662,122.12200000000001,38.0
1316.220194,200.662,121.968,37.0
1321.058502,200.816,122.12200000000001,41.0
1325.916329,200.97,121.968,42.0
1330.704726,201.124,121.968,42.0
1335.632591,201.27800000000002,121.81400000000001,38.0
1340.646838,201.432,121.968,40.0
1346.107226,201.586,121.81400000000001,38.0
1351.099835,201.74,121.968,41.0
1355.993134,201.89399999999998,121.968,41.0
1360.892541,201.89399999999998,121.968,38.0
1365.893791,202.048,121.968,41.0
1370.792484,202.202,122.12200000000001,40.0
1375.653756,202.202,121.968,39.0
1380.512322,202.356,121.968,41.0
1385.381579,202.356,121.968,39.0
1390.244903,202.51,121.968,42.0
1395.110473,202.51,122.12200000000001,41.0
1400.447017,202.66400000000002,122.12200000000001,37.0
1405.431728,202.818,121.968,39.0
1410.438503,202.818,121.968,40.0
1415.341107,202.818,121.968,41.0
1420.248551,202.972,122.12200000000001,40.0
1425.140634,203.126,121.968,39.0
1430.011748,203.28000000000003,121.968,36.0
1434.867784,203.434,121.968,37.0
1439.726093,203.588,122.12200000000001,37.0
1444.624477,203.74200000000002,121.968,37.0
1449.538916,203.74200000000002,121.968,42.0
1454.904248,203.896,121.968,39.0
1459.842872,203.896,121.968,39.0
1464.807133,204.05,121.968,40.0
1469.654262,204.204,121.968,39.0
1474.488107,204.358,121.968,37.0
1479.340154,204.512,121.968,37.0
1484.196559,204.512,121.968,38.0
1489.063278,204.512,121.968,41.0
1493.995539,204.512,121.968,41.0
1498.953785,204.358,121.968,41.0
1503.818059,204.512,121.968,41.0
1509.098393,204.512,121.968,41.0
1513.90091,204.82,121.968,38.0
1518.762226,204.82,121.968,40.0
1523.616031,204.82,122.12200000000001,39.0
1528.491642,204.82,121.968,41.0
1533.384919,204.66600000000003,121.968,42.0
1538.281127,204.82,121.968,39.0
1543.1627,204.82,122.12200000000001,38.0
1548.07988,204.82,122.12200000000001,37.0
1553.099895,204.82,121.968,37.0
1558.10388,204.97400000000002,121.968,39.0
1563.501536,204.97400000000002,121.968,37.0
1568.51707,205.12800000000001,121.506,36.0
1573.511231,205.12800000000001,121.506,36.0
1578.514034,205.12800000000001,122.12200000000001,37.0
1583.493743,205.12800000000001,121.968,39.0
1588.491086,205.12800000000001,121.968,37.0
1593.483106,205.28199999999998,121.968,37.0
1598.369869,205.28199999999998,121.968,35.0
1603.243435,205.28199999999998,122.12200000000001,36.0
1608.114679,205.28199999999998,121.968,37.0
1612.992163,205.28199999999998,121.968,39.0
1618.358979,205.28199999999998,121.968,40.0
1623.236552,205.436,121.968,38.0
1628.144718,205.436,122.12200000000001,39.0
1633.063613,205.436,121.968,39.0
1637.932159,205.436,121.968,39.0
1642.795588,205.436,121.81400000000001,39.0
1647.621335,205.436,121.968,42.0
1652.481795,205.59,122.12200000000001,41.0
1657.378731,205.59,121.968,39.0
1662.271856,205.744,121.968,40.0
1667.168697,205.744,121.968,38.0
1672.509378,205.744,121.968,40.0
1677.410714,205.744,122.12200000000001,37.0
1682.322489,205.744,121.968,37.0
1687.25318,205.898,121.968,37.0
1692.142876,205.744,121.968,39.0
1697.039115,205.744,121.968,40.0
1701.9285,205.744,121.968,41.0
1706.795761,205.744,122.12200000000001,39.0
1711.682167,205.898,122.12200000000001,40.0
1716.562551,205.898,122.12200000000001,38.0
1721.424542,205.898,121.968,38.0
1726.762831,205.898,122.12200000000001,37.0
1731.658104,205.898,121.968,39.0
1736.534243,205.898,122.12200000000001,38.0
1741.438297,205.898,121.968,38.0
1746.442561,205.898,121.968,39.0
1751.441338,206.05200000000002,121.968,39.0
1756.433176,206.05200000000002,121.968,39.0
1761.399679,206.05200000000002,122.12200000000001,40.0
1766.358208,206.05200000000002,121.968,41.0
1771.371318,206.05200000000002,122.12200000000001,39.0
1776.37068,206.206,121.968,39.0
1781.890692,206.206,121.968,38.0
1786.908658,206.206,121.968,39.0
1791.931595,206.206,121.968,41.0
1796.92049,206.206,121.968,42.0
1801.908793,206.36,122.12200000000001,39.0
1806.893228,206.36,121.968,39.0
1811.900761,206.36,121.968,37.0
1816.901037,206.36,121.968,38.0
1821.82077,206.36,121.968,37.0
1826.737061,206.36,122.12200000000001,37.0
1831.65322,206.36,121.968,37.0
1837.088226,206.36,121.968,37.0
1841.997114,206.36,122.12200000000001,37.0
1846.891524,206.514,121.968,38.0
1851.80008,206.36,122.12200000000001,39.0
1856.746763,206.36,122.12200000000001,38.0
1861.704256,206.514,121.66000000000001,37.0
1866.621935,206.36,121.66000000000001,37.0
1871.556443,206.36,121.506,35.0
1876.435061,206.514,121.506,36.0
1881.328697,206.514,121.66000000000001,38.0
1886.208815,206.514,121.506,39.0
1891.647387,206.514,121.506,37.0
1896.623561,206.514,121.506,39.0
1901.511809,206.514,121.506,38.0
1906.376111,206.514,121.968,41.0
1911.368494,206.66799999999998,121.968,39.0
1916.401014,206.66799999999998,121.968,39.0
1921.411905,206.66799999999998,121.968,40.0
1926.338902,206.66799999999998,121.968,41.0
1931.308768,206.822,121.968,41.0
1936.308496,206.66799999999998,121.968,41.0
1941.313473,206.66799999999998,122.12200000000001,40.0
1946.822649,206.66799999999998,121.968,40.0
1951.781399,206.822,121.968,37.0
1956.684744,206.822,121.968,41.0
1961.620731,206.822,121.968,41.0
1966.559356,207.13,122.12200000000001,39.0
1971.456395,208.51600000000002,121.968,39.0
1976.351817,210.672,121.968,39.0
1981.2564,213.29000000000002,121.968,40.0
1986.192749,215.90800000000002,121.968,41.0
1991.131015,218.526,121.81400000000001,42.0
1996.062243,220.836,121.81400000000001,43.0
2001.48514,223.608,121.81400000000001,39.0
2006.414264,225.76399999999998,121.81400000000001,41.0
2011.336992,225.918,121.81400000000001,42.0
2016.277752,225.45600000000002,121.968,42.0
2021.189401,225.61,121.968,43.0
2026.116082,226.38,121.968,43.0
2031.050208,226.842,122.12200000000001,42.0
2036.019379,227.304,121.968,46.0
2040.95491,227.766,122.12200000000001,44.0
2045.862763,228.382,121.968,43.0
2050.786575,228.844,121.968,41.0
2056.084062,229.152,121.968,41.0
2060.877525,229.306,122.12200000000001,42.0
2065.658318,229.152,121.968,43.0
2070.50463,229.152,122.12200000000001,46.0
2075.323209,229.46,121.968,47.0
2080.146232,229.46,122.12200000000001,44.0
2084.984178,229.46,121.968,44.0
2089.821869,229.614,122.12200000000001,46.0
2094.657298,229.614,122.12200000000001,46.0
2099.497162,229.768,122.276,45.0
2104.284204,229.614,122.12200000000001,44.0
2109.659196,229.768,122.12200000000001,40.0
2114.477447,229.768,122.12200000000001,44.0
2119.295942,229.92200000000003,122.276,41.0
2124.120256,229.92200000000003,122.12200000000001,43.0
2128.92424,229.768,122.12200000000001,44.0
2133.724251,229.92200000000003,122.12200000000001,42.0
2138.574164,229.92200000000003,121.66000000000001,39.0
2143.42724,229.92200000000003,121.66000000000001,42.0
2148.268556,229.92200000000003,121.66000000000001,42.0
2153.065411,229.92200000000003,121.66000000000001,41.0
2157.873886,229.92200000000003,121.66000000000001,44.0
2163.154509,229.92200000000003,122.12200000000001,42.0
2168.044991,229.92200000000003,122.12200000000001,42.0
2172.950228,230.076,122.12200000000001,43.0
2177.828701,230.076,122.12200000000001,46.0
2182.706842,230.076,121.968,43.0
2187.585803,230.23000000000002,122.12200000000001,41.0
2192.462026,230.076,122.12200000000001,41.0
2197.345424,230.076,122.12200000000001,46.0
2202.226617,230.076,122.12200000000001,44.0
2207.094271,230.23000000000002,122.12200000000001,41.0
2211.997674,230.076,122.12200000000001,42.0
2217.387807,230.076,122.12200000000001,46.0
2222.315157,230.23000000000002,122.12200000000001,45.0
2227.144943,230.38400000000001,122.12200000000001,45.0
2231.976941,230.23000000000002,122.12200000000001,45.0
2236.781417,230.38400000000001,122.12200000000001,44.0
2241.583822,230.38400000000001,122.12200000000001,45.0
2246.397016,230.38400000000001,122.12200000000001,47.0
2251.229473,230.38400000000001,122.12200000000001,45.0
2256.054545,230.23000000000002,121.66000000000001,46.0
2260.902131,230.38400000000001,121.66000000000001,42.0
2265.723684,230.38400000000001,121.66000000000001,43.0
2270.977595,230.23000000000002,121.66000000000001,44.0
2275.857117,230.38400000000001,121.66000000000001,44.0
2280.699082,230.38400000000001,121.66000000000001,42.0
2285.542722,230.38400000000001,122.12200000000001,40.0
2290.362426,230.23000000000002,122.12200000000001,39.0
2295.209902,230.38400000000001,122.12200000000001,39.0
2300.043071,230.23000000000002,122.12200000000001,39.0
2304.897497,230.23000000000002,122.12200000000001,40.0
2309.74292,230.38400000000001,121.66000000000001,44.0
2314.572417,230.38400000000001,122.12200000000001,42.0
2319.391109,230.38400000000001,122.12200000000001,42.0
2324.708739,230.38400000000001,122.12200000000001,43.0
2329.561969,230.38400000000001,122.276,42.0
2334.436046,230.38400000000001,122.12200000000001,42.0
2339.263042,230.38400000000001,122.12200000000001,42.0
2344.10931,230.38400000000001,122.12200000000001,43.0
2348.939268,230.38400000000001,122.12200000000001,44.0
2353.732129,230.38400000000001,122.12200000000001,47.0
2358.557991,230.53799999999998,122.12200000000001,47.0
2363.400854,230.53799999999998,122.12200000000001,46.0
2368.250185,230.38400000000001,121.968,44.0
2373.046728,230.38400000000001,122.12200000000001,44.0
2378.342004,230.38400000000001,122.12200000000001,44.0
2383.209778,230.38400000000001,122.276,44.0
2388.098582,230.38400000000001,122.12200000000001,43.0
2392.98162,230.38400000000001,122.12200000000001,46.0
2397.858678,230.38400000000001,122.12200000000001,48.0
2402.781372,230.38400000000001,122.12200000000001,45.0
2407.715095,230.38400000000001,122.12200000000001,44.0
2412.63985,230.38400000000001,122.12200000000001,44.0
2417.533489,230.53799999999998,122.12200000000001,44.0
2422.399347,230.38400000000001,122.12200000000001,43.0
2427.267245,230.38400000000001,122.12200000000001,44.0
2432.657099,230.38400000000001,122.12200000000001,46.0
2437.64763,230.38400000000001,122.276,48.0
2442.644962,230.38400000000001,122.12200000000001,49.0
2447.574318,230.38400000000001,122.276,44.0
2452.464299,230.38400000000001,122.276,42.0
2457.39575,230.38400000000001,122.12200000000001,39.0
2462.292479,230.38400000000001,122.12200000000001,39.0
2467.141476,230.53799999999998,122.276,39.0
2472.039569,230.53799999999998,122.12200000000001,42.0
2476.971009,230.53799999999998,122.276,42.0
2481.829698,230.53799999999998,122.12200000000001,45.0
2487.198611,230.38400000000001,122.12200000000001,47.0
2492.048922,230.38400000000001,122.12200000000001,48.0
2496.940471,230.38400000000001,122.12200000000001,44.0
2501.845376,230.38400000000001,122.276,46.0
2506.80288,230.38400000000001,122.12200000000001,43.0
2511.669788,230.53799999999998,122.12200000000001,43.0
2516.539773,230.53799999999998,122.12200000000001,43.0
2521.399028,230.53799999999998,122.12200000000001,46.0
2526.278987,230.53799999999998,122.12200000000001,49.0
2531.178658,230.53799999999998,122.12200000000001,46.0
2536.09366,230.38400000000001,122.12200000000001,47.0
2541.505173,230.38400000000001,121.968,46.0
2546.40543,230.38400000000001,122.12200000000001,46.0
2551.291702,230.38400000000001,122.12200000000001,44.0
2556.202257,230.53799999999998,122.12200000000001,46.0
2561.091081,230.53799999999998,122.12200000000001,44.0
2565.963835,230.53799999999998,121.968,40.0
2570.861925,230.53799999999998,122.12200000000001,41.0
2575.791503,230.53799999999998,122.12200000000001,44.0
2580.708601,230.38400000000001,122.12200000000001,42.0
2585.60732,230.38400000000001,122.276,46.0
2590.550897,230.38400000000001,122.12200000000001,46.0
2595.948524,230.38400000000001,122.276,44.0
2600.877422,230.38400000000001,121.968,45.0
2605.796138,230.53799999999998,121.968,45.0
2610.716344,230.692,121.968,43.0
2615.610688,230.692,122.12200000000001,46.0
2620.538044,230.53799999999998,122.12200000000001,45.0
2625.472951,230.53799999999998,122.276,45.0
2630.373796,231.92399999999998,121.968,44.0
2635.315119,238.392,121.81400000000001,43.0
2640.220708,250.40400000000002,121.66000000000001,44.0
2645.109242,264.572,121.352,49.0
2650.490497,278.278,121.198,53.0
2655.386554,288.904,121.198,55.0
2660.270982,297.374,121.352,58.0
2665.19983,303.688,121.352,60.0
2670.125506,308.77,121.506,61.0
2675.010329,313.236,121.66000000000001,62.0
2679.902414,316.624,121.66000000000001,65.0
2684.881304,319.396,121.81400000000001,68.0
2689.911279,321.85999999999996,121.81400000000001,68.0
2694.923663,323.70799999999997,121.968,65.0
2699.95988,325.248,121.968,64.0
2705.512485,326.788,122.12200000000001,68.0
2710.575738,327.712,122.12200000000001,65.0
2715.615247,328.48199999999997,122.12200000000001,67.0
2720.683007,329.098,122.12200000000001,66.0
2725.723105,329.714,122.276,64.0
2730.794933,330.33000000000004,122.276,65.0
2735.812384,330.79200000000003,122.276,64.0
2740.796081,331.1,122.42999999999999,67.0
2745.782106,331.40799999999996,122.276,65.0
2750.759815,331.562,122.276,68.0
2755.782628,331.562,122.276,67.0
2761.317024,331.87,122.42999999999999,67.0
2766.398722,332.024,122.42999999999999,68.0
2771.419646,332.024,122.42999999999999,63.0
2776.477577,332.17800000000005,122.42999999999999,67.0
2781.535364,332.332,122.276,65.0
2786.563716,332.332,122.276,64.0
2791.63026,332.486,122.276,68.0
2796.705634,332.64,122.276,67.0
2801.786475,332.794,122.42999999999999,65.0
2806.763066,332.794,122.42999999999999,65.0
2811.799078,332.94800000000004,122.42999999999999,67.0
2817.203066,332.94800000000004,122.42999999999999,67.0
2822.229638,333.10200000000003,122.42999999999999,66.0
2827.219661,333.256,122.42999999999999,68.0
2832.21999,333.256,122.42999999999999,67.0
2837.144758,333.256,122.42999999999999,68.0
2842.071168,333.256,122.42999999999999,68.0
2847.00083,333.256,122.42999999999999,66.0
2851.926829,333.256,122.42999999999999,64.0
2856.862229,333.256,122.42999999999999,65.0
2861.837365,333.256,122.42999999999999,68.0
2866.846192,333.256,122.42999999999999,68.0
2872.4228,333.40999999999997,122.42999999999999,65.0
2877.495349,333.40999999999997,122.42999999999999,65.0
2882.553838,333.256,122.42999999999999,68.0
2887.661675,333.256,122.42999999999999,68.0
2892.760222,333.256,122.42999999999999,68.0
2897.808929,333.256,122.42999999999999,67.0
2902.874673,333.256,122.276,66.0
2907.952427,333.256,121.968,66.0
2913.07879,333.256,121.968,67.0
2918.176082,333.256,121.968,68.0
2923.19803,333.40999999999997,121.968,67.0
2928.724062,333.256,121.968,68.0
2933.792319,333.256,121.968,68.0
2938.872006,333.40999999999997,121.968,65.0
2943.942909,333.564,122.42999999999999,65.0
2948.97295,333.718,121.968,68.0
2954.04036,333.718,121.968,67.0
2959.150238,333.718,122.42999999999999,67.0
2964.248405,333.564,122.12200000000001,68.0
2969.365602,333.564,122.12200000000001,65.0
2974.463126,333.564,122.12200000000001,66.0
2979.53464,333.564,122.12200000000001,68.0
2985.107931,333.564,122.12200000000001,67.0
2990.092541,333.564,122.12200000000001,67.0
2995.112324,333.718,122.12200000000001,63.0
3000.114509,333.718,122.12200000000001,65.0
3005.13564,333.718,122.276,65.0
3010.252636,333.564,122.42999999999999,66.0
3015.249969,333.564,122.12200000000001,68.0
3020.240982,333.40999999999997,122.12200000000001,68.0
3025.234195,333.564,122.12200000000001,67.0
3030.331129,333.564,122.12200000000001,70.0
3035.401397,333.564,122.12200000000001,67.0
3040.991525,333.564,122.12200000000001,70.0
3046.124751,333.718,122.12200000000001,68.0
3051.203097,333.718,122.12200000000001,70.0
3056.303941,333.718,122.12200000000001,68.0
3061.319435,333.718,122.12200000000001,70.0
3066.370585,333.718,122.12200000000001,73.0
3071.47581,333.718,122.12200000000001,71.0
3076.594222,333.718,122.12200000000001,73.0
3081.686937,333.718,122.12200000000001,70.0
3086.811064,333.718,122.12200000000001,70.0
3091.848571,333.564,122.12200000000001,71.0
3097.305739,333.718,122.12200000000001,68.0
3102.29631,333.718,122.12200000000001,67.0
3107.294477,333.718,122.12200000000001,65.0
3112.291451,333.718,122.12200000000001,67.0
3117.242748,333.718,122.12200000000001,65.0
3122.213952,333.718,122.12200000000001,67.0
3127.171677,333.718,122.12200000000001,66.0
3132.209919,333.718,122.12200000000001,67.0
3137.234822,333.718,122.12200000000001,68.0
3142.257059,333.718,122.12200000000001,68.0
3147.28075,333.718,122.12200000000001,71.0
3152.871054,333.718,122.12200000000001,69.0
3157.856024,333.718,122.12200000000001,68.0
3162.834451,333.564,122.12200000000001,68.0
3167.82747,333.718,122.12200000000001,68.0
3172.826214,333.718,122.12200000000001,68.0
3177.795218,333.872,122.12200000000001,68.0
3182.785178,333.718,122.12200000000001,69.0
3187.78669,333.718,122.12200000000001,69.0
3192.818533,333.564,122.12200000000001,68.0
3197.84893,333.564,122.12200000000001,70.0
3202.859537,333.564,122.276,68.0
3208.320868,333.718,122.42999999999999,66.0
3213.348066,333.718,121.968,67.0
3218.389075,333.718,121.968,66.0
3223.392853,333.718,121.968,65.0
3228.36553,333.872,121.968,65.0
3233.379103,335.258,121.968,65.0
3238.419114,342.342,121.81400000000001,67.0
3243.423115,355.27799999999996,121.352,68.0
3248.4003,367.752,121.352,70.0
3253.380523,378.99399999999997,121.198,75.0
3258.3925,389.928,121.044,76.0
3263.865309,399.168,121.198,79.0
3268.886497,405.17400000000004,121.352,80.0
3273.919909,410.56399999999996,121.352,83.0
3278.853468,414.72200000000004,121.506,83.0
3283.756453,417.802,121.506,85.0
3288.694171,420.42,121.66000000000001,85.0
3293.614764,422.422,121.81400000000001,86.0
3298.51563,424.116,121.81400000000001,85.0
3303.45011,426.42600000000004,121.968,88.0
3308.424869,427.812,121.968,87.0
3313.384606,428.582,121.968,89.0
3318.805432,429.35200000000003,122.12200000000001,87.0
3323.723793,429.968,122.12200000000001,87.0
3328.65166,430.584,122.12200000000001,90.0
3333.591726,430.892,122.12200000000001,88.0
3338.569567,431.20000000000005,122.12200000000001,90.0
3343.549609,431.508,122.12200000000001,91.0
3348.517593,431.81600000000003,122.584,90.0
3353.482585,432.124,122.738,91.0
3358.447855,432.278,122.276,90.0
3363.436088,432.43199999999996,122.276,91.0
3368.427933,432.586,122.276,90.0
3373.833999,432.586,122.738,88.0
3378.773593,432.74,122.738,88.0
3383.71198,432.74,122.738,86.0
3388.656109,432.894,122.892,84.0
3393.627072,433.048,122.738,90.0
3398.571474,433.048,122.738,91.0
3403.518439,433.20200000000006,122.738,89.0
3408.508458,433.20200000000006,122.738,89.0
3413.451025,433.20200000000006,122.738,87.0
3418.371196,433.356,122.738,87.0
3423.289357,433.356,122.738,87.0
3428.696798,433.51,122.738,89.0
3433.604834,433.51,122.738,87.0
3438.539915,433.51,122.738,91.0
3443.492438,433.51,122.892,90.0
3448.449662,433.51,122.738,89.0
3453.379388,433.356,122.892,88.0
3458.294524,433.51,122.892,87.0
3463.227947,433.51,122.738,88.0
3468.186459,433.51,122.738,88.0
3473.118592,433.51,122.738,84.0
3478.053428,433.51,122.892,84.0
3483.496074,433.664,122.892,90.0
3488.423271,433.664,122.738,90.0
3493.364527,433.664,122.738,89.0
3498.292253,433.818,122.738,90.0
3503.237405,433.664,122.738,89.0
3508.190809,433.664,122.738,89.0
3513.126832,433.818,122.892,87.0
3518.080954,433.818,122.738,86.0
3522.996978,433.818,122.738,84.0
3527.925503,433.818,122.738,86.0
3532.857276,433.818,122.738,86.0
3538.223369,433.818,122.738,85.0
3543.119397,433.818,122.738,87.0
3548.053873,433.664,122.738,87.0
3553.001279,433.818,122.738,86.0
3557.987996,433.818,122.738,88.0
3563.029042,433.818,122.738,89.0
3568.078769,433.97200000000004,122.738,88.0
3573.114044,433.97200000000004,122.738,87.0
3578.148623,433.97200000000004,122.892,90.0
3583.19402,433.97200000000004,122.738,91.0
3588.219563,433.97200000000004,122.738,89.0
3593.750143,433.97200000000004,122.738,87.0
3598.797628,433.97200000000004,122.738,90.0
3603.799297,433.97200000000004,122.584,88.0
3608.760775,433.97200000000004,122.738,85.0
3613.717024,433.97200000000004,122.738,87.0
3618.671595,433.97200000000004,122.738,87.0
3623.641787,433.97200000000004,122.738,88.0
3628.63577,433.818,122.738,87.0
3633.625639,433.97200000000004,122.738,87.0
3638.566782,433.97200000000004,122.738,90.0
3643.516054,433.97200000000004,122.738,86.0
3648.943023,433.97200000000004,122.892,86.0
3653.971028,433.97200000000004,122.738,87.0
3658.946756,433.97200000000004,122.738,86.0
3663.874896,433.97200000000004,122.738,86.0
3668.929176,433.97200000000004,122.738,87.0
3673.932151,433.97200000000004,122.584,89.0
3678.867554,433.97200000000004,122.276,90.0
3683.7751,433.97200000000004,122.276,88.0
3688.722352,433.97200000000004,122.738,85.0
3693.719744,433.97200000000004,122.738,86.0
3698.728733,433.818,122.738,84.0
3704.281958,433.818,123.50800000000001,86.0
3709.301282,433.97200000000004,122.892,89.0
3714.369296,433.97200000000004,122.738,89.0
3719.422917,433.97200000000004,122.738,91.0
3724.483884,433.97200000000004,122.738,90.0
3729.476049,433.97200000000004,122.738,87.0
3734.399889,433.97200000000004,122.738,85.0
3739.334683,433.97200000000004,122.738,86.0
3744.263798,433.97200000000004,122.738,89.0
3749.222458,433.97200000000004,122.892,89.0
3754.18673,433.97200000000004,122.892,87.0
3759.60246,433.818,122.738,86.0
3764.499283,433.818,122.738,87.0
3769.402461,433.97200000000004,122.738,86.0
3774.364996,433.97200000000004,122.738,87.0
3779.320301,433.97200000000004,122.738,86.0
3784.234419,433.97200000000004,122.738,86.0
3789.21504,433.97200000000004,122.738,84.0
3794.196321,433.97200000000004,122.738,89.0
3799.192782,433.97200000000004,122.892,89.0
3804.180468,433.818,122.276,90.0
3809.1396,433.97200000000004,122.276,91.0
3814.633871,433.97200000000004,122.276,92.0
3819.600447,433.97200000000004,122.276,86.0
3824.597407,433.97200000000004,122.276,87.0
3829.580673,433.97200000000004,122.276,87.0
3834.59987,433.97200000000004,122.276,89.0
3839.550728,434.12600000000003,122.276,85.0
3844.569803,433.97200000000004,122.276,88.0
3849.628853,433.97200000000004,122.276,87.0
3854.7053,433.97200000000004,122.42999999999999,89.0
3859.688857,433.97200000000004,122.276,88.0
3864.664625,433.97200000000004,122.42999999999999,90.0
3870.123918,433.97200000000004,122.276,88.0
3875.095284,433.97200000000004,122.276,88.0
3880.187942,433.97200000000004,122.276,89.0
3885.270768,434.28,122.276,90.0
3890.38391,437.822,122.276,85.0
3895.482483,447.832,121.968,84.0
3900.594253,460.76800000000003,121.81400000000001,85.0
3905.654403,473.39599999999996,121.506,91.0
3910.670591,484.63800000000003,121.352,96.0
3915.690354,493.416,121.506,99.0
3920.694036,500.65400000000005,121.66000000000001,99.0
3926.172437,507.43000000000006,121.66000000000001,104.0
3931.234871,512.05,121.81400000000001,104.0
3936.225427,515.9,121.968,103.0
3941.259272,519.134,121.968,108.0
3946.31032,521.1360000000001,122.12200000000001,107.0
3951.35527,523.292,122.12200000000001,107.0
3956.349284,525.294,122.276,108.0
3961.346981,526.064,122.276,108.0
3966.369965,526.8340000000001,122.42999999999999,107.0
3971.365953,527.758,122.276,109.0
3976.381634,528.374,122.42999999999999,109.0
3981.919852,529.452,122.42999999999999,108.0
3986.948779,530.222,122.42999999999999,105.0
3991.953512,529.914,122.42999999999999,109.0
3996.979357,530.376,122.584,108.0
4002.078701,530.5300000000001,122.584,108.0
4007.103606,530.6840000000001,122.584,109.0
4012.115648,531.454,122.42999999999999,107.0
4017.143948,531.916,122.584,107.0
4022.198999,531.454,122.584,108.0
4027.258509,531.608,122.584,106.0
4032.290874,531.608,122.584,107.0
4037.810663,531.608,122.584,110.0
4042.85292,532.378,122.42999999999999,107.0
4047.889476,532.686,122.584,109.0
4053.004892,532.224,122.584,105.0
4058.109137,532.224,122.42999999999999,107.0
4063.252795,531.916,122.42999999999999,105.0
4068.348644,532.07,122.42999999999999,107.0
4073.489945,532.224,122.42999999999999,107.0
4078.619227,532.686,122.42999999999999,108.0
4083.757914,532.84,122.42999999999999,105.0
4088.858191,532.532,122.42999999999999,107.0
4094.499011,532.532,122.42999999999999,108.0
4099.53115,532.378,122.42999999999999,107.0
4104.52861,532.686,122.42999999999999,106.0
4109.567342,532.686,122.584,107.0
4114.570388,532.532,122.738,107.0
4119.579293,532.686,122.584,107.0
4124.606037,532.84,122.584,105.0
4129.632681,532.532,122.584,105.0
4134.662715,532.532,122.738,107.0
4139.685363,532.686,122.584,107.0
4144.706796,533.1479999999999,122.738,105.0
4150.227872,533.1479999999999,122.738,103.0
4155.250893,532.9939999999999,122.738,104.0
4160.295328,532.9939999999999,122.738,107.0
4165.278085,532.686,122.738,108.0
4170.298581,532.9939999999999,122.738,106.0
4175.283188,532.9939999999999,122.738,109.0
4180.270726,532.686,122.584,107.0
4185.250021,532.84,122.738,107.0
4190.274127,532.9939999999999,122.584,108.0
4195.212632,532.84,122.738,103.0
4200.104889,532.9939999999999,122.738,107.0
4205.442921,532.9939999999999,122.738,106.0
4210.311495,532.84,122.738,109.0
4215.200206,532.9939999999999,122.738,107.0
4220.083277,533.1479999999999,122.738,106.0
4224.952178,532.84,122.584,107.0
4229.864188,532.9939999999999,122.584,109.0
4234.76597,533.302,122.584,110.0
4239.710614,532.9939999999999,122.584,109.0
4244.620873,532.9939999999999,122.584,108.0
4249.51525,533.1479999999999,122.584,107.0
4254.406862,532.9939999999999,122.584,108.0
4259.711801,532.9939999999999,122.42999999999999,109.0
4264.554921,533.302,122.42999999999999,109.0
4269.501727,532.84,122.584,106.0
4274.414878,532.532,122.584,107.0
4279.320101,533.1479999999999,122.42999999999999,105.0
4284.221214,533.764,122.738,104.0
4289.104773,533.1479999999999,122.42999999999999,104.0
4293.992874,533.302,122.584,104.0
4298.850913,533.1479999999999,122.584,104.0
4303.750629,532.9939999999999,122.584,105.0
4308.621687,533.302,122.584,104.0
4313.951906,533.1479999999999,122.584,104.0
4318.827522,532.84,122.584,107.0
4323.723709,533.1479999999999,122.584,109.0
4328.628216,533.1479999999999,122.584,105.0
4333.518128,532.9939999999999,122.584,105.0
4338.396771,533.1479999999999,122.584,105.0
4343.282028,533.302,122.584,104.0
4348.147883,532.9939999999999,122.584,105.0
4353.012241,533.1479999999999,122.584,102.0
4357.875668,533.302,122.892,105.0
4362.777294,533.1479999999999,122.584,105.0
4368.144979,533.302,122.584,105.0
4373.001138,533.456,122.584,106.0
4377.882125,533.1479999999999,122.584,107.0
4382.80302,533.1479999999999,122.738,107.0
4387.685896,533.302,122.584,105.0
4392.57862,533.1479999999999,122.584,109.0
4397.475955,532.9939999999999,122.584,109.0
4402.383424,533.1479999999999,122.738,107.0
4407.283544,532.9939999999999,122.738,107.0
4412.215399,533.61,122.738,108.0
4417.127303,533.456,122.738,107.0
4422.487788,533.456,122.584,105.0
4427.391882,533.302,122.584,102.0
4432.267387,532.9939999999999,122.584,105.0
4437.15739,533.1479999999999,122.584,106.0
4442.048547,533.456,122.738,105.0
4446.949113,533.1479999999999,122.584,105.0
4451.864942,533.1479999999999,122.584,104.0
4456.747035,533.302,122.584,104.0
4461.663938,533.302,122.584,103.0
4466.563537,532.9939999999999,122.584,102.0
4471.481174,533.1479999999999,122.584,102.0
4476.87121,533.1479999999999,122.584,104.0
4481.762294,532.9939999999999,122.584,107.0
4486.682138,533.1479999999999,122.42999999999999,106.0
4491.611863,533.302,122.42999999999999,106.0
4496.518208,532.9939999999999,122.584,108.0
4501.449852,533.1479999999999,122.42999999999999,107.0
4506.379772,533.1479999999999,122.42999999999999,110.0
4511.347488,527.912,122.738,107.0
4516.294593,502.656,123.354,106.0
4521.235226,461.07599999999996,124.278,107.0
4526.174606,414.414,125.04799999999999,99.0
4531.567451,366.212,125.51,90.0
4536.481603,327.712,125.664,77.0
4541.437002,294.91,125.51,66.0
4546.397488,267.34400000000005,125.20200000000001,54.0
4551.360119,244.70600000000002,124.894,46.0
4556.37461,226.226,124.586,42.0
4561.384039,211.13400000000001,124.124,36.0
4566.413133,198.66,123.816,31.0
4571.447818,188.496,123.50800000000001,30.0
4576.467219,180.334,123.2,25.0
4581.483038,173.558,122.892,24.0
4587.011595,167.552,122.738,27.0
4592.031468,163.086,122.738,25.0
4597.054675,159.39000000000001,122.276,24.0
4602.072317,156.31,122.12200000000001,24.0
4607.107991,153.846,121.968,24.0
4612.113713,151.69,121.81400000000001,23.0
4617.120257,149.842,121.81400000000001,21.0
4622.173508,148.302,121.81400000000001,19.0
4627.145571,147.07,121.66000000000001,21.0
4632.167092,145.99200000000002,121.66000000000001,24.0
4637.197832,144.91400000000002,121.66000000000001,23.0
4642.699712,143.99,121.352,24.0
4647.666553,143.374,121.66000000000001,24.0
4652.609563,142.758,121.506,21.0
4657.539012,142.142,121.66000000000001,21.0
4662.554427,141.68,121.506,22.0
4667.507859,141.21800000000002,121.506,23.0
4672.415246,140.756,121.506,24.0
4677.317125,140.44799999999998,121.506,22.0
4682.207761,140.14000000000001,121.81400000000001,21.0
4687.110119,139.83200000000002,121.506,22.0
4692.018286,139.524,121.506,23.0
4697.405304,139.216,121.506,19.0
4702.352422,139.06199999999998,121.352,20.0
4707.303475,138.75400000000002,121.352,22.0
4712.255256,138.6,121.352,22.0
4717.207134,138.44600000000003,121.352,24.0
4722.142271,138.292,121.198,22.0
4727.107481,137.984,121.352,19.0
4732.07186,137.83,121.198,19.0
4737.013714,137.676,121.198,22.0
4742.013853,137.522,121.198,22.0
4746.965748,137.368,121.198,22.0
4752.408168,137.368,121.352,21.0
4757.396351,137.214,121.352,22.0
4762.352867,137.06,121.198,19.0
4767.327696,136.906,121.198,21.0
4772.314861,136.752,121.198,21.0
4777.362235,136.752,121.198,22.0
4782.414303,136.59799999999998,121.81400000000001,22.0
4787.489719,136.44400000000002,121.968,24.0
4792.492788,136.44400000000002,121.968,25.0
4797.570083,136.29,121.968,24.0
4802.660211,136.136,121.968,25.0
4808.068126,136.136,121.968,25.0
4813.024699,135.982,121.968,24.0
4818.064028,135.982,121.81400000000001,25.0
4823.092402,135.982,121.81400000000001,21.0
4828.077473,135.828,121.968,18.0
4833.050806,135.67399999999998,121.968,19.0
4838.042244,135.67399999999998,121.968,19.0
4843.021762,135.52,121.968,19.0
4848.006081,135.52,121.968,19.0
4852.989364,135.52,121.968,18.0
4857.940888,135.366,121.81400000000001,20.0
4863.377931,135.212,121.968,21.0
4868.343239,135.212,121.968,19.0
4873.336502,135.212,121.968,19.0
4878.337932,135.212,121.968,19.0
4883.376937,135.05800000000002,121.968,19.0
4888.383978,134.904,121.81400000000001,25.0
4893.367991,134.904,121.968,21.0
4898.389316,134.904,121.968,19.0
4903.314479,134.904,121.968,19.0
4908.25324,134.75,121.968,16.0
4913.312226,134.75,121.968,18.0
4918.840231,134.75,121.81400000000001,16.0
4923.845219,134.596,121.198,16.0
