0.206184,257.53704442,-267.9919
5.414696,257.61602486,3366.9473000000003
10.554931,257.61602486,3391.5077
15.698203,257.77398574,3354.6671
20.91341,257.77398574,3305.5463
26.063715,257.81347596,3342.3869
31.225815,257.81347596,3366.9473000000003
36.406715,257.81347596,3305.5463
41.603399,257.85296618,3391.5077
46.725777,257.85296618,3391.5077
51.89407,257.81347596,3391.5077
57.330474,257.53704442000003,3416.0681
62.520577,259.11665321999993,3379.2275
67.721872,265.31661775999993,3416.0681
72.925665,276.65031089999997,3428.3483
78.107056,291.30118252,3538.8701
83.348364,307.53166294000005,3612.5513
88.47501,323.56469226,3882.7157
93.565172,338.68944652,4116.039500000001
98.668708,352.82694528,4300.2425
103.782535,365.66126678,4619.527700000001
108.906844,377.11343058,4816.0109
114.352171,387.89426064,4938.812900000001
119.503324,396.77956013999994,5049.3347
124.665681,404.51964325999995,5184.4169
129.832796,411.23298065999995,5294.938700000001
134.97329,416.99855277999995,5356.3397
140.159601,422.01381072,5430.0209
145.344213,426.3182447,5491.4219
150.508669,430.03032538,5528.262500000001
155.682379,433.11056254,5552.822900000001
160.855645,435.87487794,5565.1031
165.995585,438.28378136,5577.3833
171.442633,440.41625324,5626.504100000001
176.61247,442.19331313999993,5626.504100000001
181.779485,443.69394149999994,5626.504100000001
186.988162,444.9971187599999,5700.185300000001
192.144754,446.14233513999994,5749.306100000001
197.36679,447.16908086,5724.7457
202.614647,448.0378657,5675.624900000001
207.776749,448.8276701,5712.4655
212.903895,449.45951361999994,5700.185300000001
218.082846,450.09135714,5651.0645
223.237793,450.60472999999996,5724.7457
228.662888,451.11810286,5700.185300000001
233.798473,451.55249527999996,5786.1467
238.954196,451.86841704,5724.7457
244.115738,452.22382902,5749.306100000001
249.325896,452.57924099999997,5847.547700000001
254.506169,452.85567254,5835.267500000001
259.689391,453.13210408,5798.4269
264.859395,453.36904539999995,5724.7457
270.036071,453.56649649999997,5847.547700000001
275.177386,453.76394759999994,5798.4269
280.361528,453.9613987,5835.267500000001
285.79607,454.1588497999999,5835.267500000001
290.962547,454.31681067999995,5798.4269
296.17953,454.43528133999996,5749.306100000001
301.351283,454.59324222,5810.7071000000005
306.514318,454.71171288,5749.306100000001
311.686695,454.83018354,5724.7457
316.847625,454.94865419999996,5724.7457
322.060783,455.06712486,5749.306100000001
327.288909,455.18559552,5712.4655
332.464767,455.30406618,5626.504100000001
337.610061,455.38304661999996,5712.4655
343.081655,455.46202705999997,5835.267500000001
348.278791,455.5410075,5749.306100000001
353.501583,455.61998794,5835.267500000001
358.935406,455.69896838,5712.4655
