0.206092,751.2832650799999,-267.9919
5.444364,751.5202063999999,9200.042300000001
10.572361,751.83612816,9126.3611
15.67945,752.1125597,9163.201700000001
20.851799,752.38899124,9200.042300000001
25.942137,752.58644234,9187.762100000002
31.07756,752.78389344,9126.3611
36.223828,752.98134454,9163.201700000001
41.411412,753.17879564,9163.201700000001
46.547953,753.3762467399999,9150.9215
51.679775,753.61318806,9261.4433
57.079867,754.79789466,9126.3611
62.218187,758.31252424,9114.0809
67.389278,766.40801934,9114.0809
72.586101,778.0181440200001,9163.201700000001
77.74721,790.8129753000001,9273.7235
82.98128,803.0549435,9408.8057
88.134173,813.7567931200001,9580.728500000001
93.312922,822.9185241600001,9752.651300000001
98.424657,830.5796268400001,9936.8543
103.580454,837.0560229200001,9998.2553
108.697112,842.4266928400001,9949.1345
114.10719,847.1260290200001,10010.535500000002
119.278865,850.9565803600001,9973.6949
124.473457,854.0763077400002,10096.4969
129.633499,856.5641916,10096.4969
134.790317,858.77564392,10121.0573
140.039603,860.7106646999999,10071.936500000002
145.200711,862.36925394,9973.6949
150.373362,863.7119214200001,9973.6949
155.5948,864.9361182399999,10059.6563
160.811727,865.92337374,10133.337500000001
166.029494,866.8316487999999,10219.298900000002
171.461677,867.7004336399999,10182.4583
176.671172,868.33227716,10121.0573
181.862847,868.9641206800001,10096.4969
187.048204,869.5564739800001,10096.4969
192.22091,870.03035662,10121.0573
197.424066,870.50423926,10059.6563
202.628043,870.85965124,10133.337500000001
207.838955,871.21506322,10133.337500000001
212.995345,871.5704752,10219.298900000002
218.139836,871.80741652,10133.337500000001
223.313265,872.0838480599999,10096.4969
228.762328,872.3602796,10121.0573
233.873416,872.59722092,10243.8593
239.032429,872.79467202,10194.738500000001
244.203809,873.0316133399999,10182.4583
249.361385,873.22906444,10071.936500000002
254.526165,873.4265155400001,10096.4969
259.73263,873.5844764200001,10096.4969
264.92901,873.7029470800001,10121.0573
270.079744,873.90039818,10059.6563
275.26084,874.01886884,10096.4969
280.443186,874.1373395,10133.337500000001
285.896096,874.2953003800001,10194.738500000001
291.074234,874.3742808200001,10243.8593
296.251948,874.4927514799999,10133.337500000001
301.46337,874.61122214,10157.897900000002
306.693622,874.7296928000001,10059.6563
311.930028,874.8086732400001,10133.337500000001
317.115954,874.9271438999999,10096.4969
322.310124,875.0061243399999,10157.897900000002
327.478116,875.0851047799999,10157.897900000002
332.690916,875.16408522,10194.738500000001
337.867303,875.28255588,10157.897900000002
343.318102,875.36153632,10096.4969
348.495059,875.44051676,10157.897900000002
353.677865,875.48000698,10133.337500000001
358.873661,875.55898742,10157.897900000002
364.060957,875.63796786,10096.4969
369.292018,875.7169483,10133.337500000001
