0.206302,433.50546474,-267.9919
5.439292,433.4264843,5442.301100000001
10.631515,433.34750385999996,5405.460500000001
15.801305,433.26852341999995,5331.779300000001
21.029296,433.18954298,5356.3397
26.138894,433.07107232,5393.180300000001
31.2678,433.0315821,5368.619900000001
36.466755,432.91311143999997,5405.460500000001
41.672957,432.87362121999996,5405.460500000001
46.782339,432.834131,5405.460500000001
51.939698,432.75515056,5380.900100000001
57.367634,432.6366799,5368.619900000001
62.53582,432.75515055999995,5430.0209
67.685811,432.20228748,5368.619900000001
72.866414,429.12205031999997,5356.3397
78.05411,422.80361512,5319.499100000001
83.277645,415.30047332,5258.098100000001
88.441866,408.23172394,5196.6971
93.61354,402.15023005999996,5086.175300000001
98.787138,396.85854058,5012.494100000001
103.944187,392.39614571999994,4889.6921
109.095811,388.76304547999996,4828.2911
114.50592,385.5643376599999,4730.049500000001
119.674272,383.0764538,4717.769300000001
124.825766,381.06245258,4680.9287
130.028993,379.3248829,4705.489100000001
135.227927,377.9032349799999,4558.126700000001
140.414412,376.67903815999995,4607.2475
145.605681,375.65229244,4656.368300000001
150.782223,374.7835076,4631.807900000001
155.996985,374.03319342,4680.9287
161.204086,373.36185968,4656.368300000001
166.462355,372.8089966,4705.489100000001
171.961581,372.37460417999995,4730.049500000001
177.145432,371.97970198,4730.049500000001
182.339574,371.58479977999997,4717.769300000001
187.569584,371.2293878,4730.049500000001
192.733479,370.91346604,4680.9287
197.904326,370.79499538,4680.9287
203.073344,370.40009317999994,4656.368300000001
208.281535,370.20264208,4668.6485
213.396553,369.96570076,4668.6485
218.498697,369.84723010000005,4717.769300000001
223.629996,369.68926921999997,4631.807900000001
229.018709,369.68926921999997,4693.2089000000005
234.151361,369.57079855999996,4680.9287
239.308636,369.49181811999995,4717.769300000001
244.46475,369.33385724,4680.9287
249.628301,369.2548768,4668.6485
254.802886,369.13640613999996,4668.6485
259.989077,369.01793548,4680.9287
265.170135,368.93895504,4619.527700000001
270.334263,368.8599746,4619.527700000001
275.487014,368.78099416,4582.687100000001
280.677666,368.70201371999997,4619.527700000001
286.151368,368.62303328,4656.368300000001
291.347297,368.54405283999995,4656.368300000001
296.519404,368.50456261999994,4533.5663
301.705161,368.42558217999994,4656.368300000001
306.871438,368.38609195999993,4656.368300000001
312.090824,368.3466017399999,4631.807900000001
317.257284,368.2676213,4631.807900000001
322.438527,368.22813108,4607.2475
327.612764,368.14915064,4594.9673
332.790253,368.14915064,4668.6485
337.977639,368.0701702,4631.807900000001
343.445841,367.99118976,4656.368300000001
348.609941,367.99118976,4680.9287
353.829502,367.91220932,4717.769300000001
359.024315,367.8727190999999,4668.6485
364.217174,367.83322888,4607.2475
369.429559,367.79373866,4631.807900000001
374.619612,367.71475821999996,4668.6485
379.817403,367.67526799999996,4656.368300000001
385.011443,367.63577777999996,4656.368300000001
390.249391,367.63577777999996,4619.527700000001
395.443992,367.47781689999994,4668.6485
400.959269,367.47781689999994,4656.368300000001
406.158654,367.43832668,4705.489100000001
