0.206896,268.67328646000004,-267.9919
5.384922,268.47583535999996,4177.440500000001
10.498782,268.27838426,4152.8801
15.598207,268.08093316,4165.1603000000005
20.749592,267.92297228,4152.8801
25.885625,267.76501139999993,4226.5613
31.016745,267.56756029999997,4202.000900000001
36.200998,267.40959942,4177.440500000001
41.405596,267.25163854,4140.5999
46.531509,267.09367765999997,4103.759300000001
51.613953,266.97520699999995,4202.000900000001
57.001938,267.01469721999996,4152.8801
62.127473,268.00195271999996,4177.440500000001
67.273641,265.43508842,4214.2811
72.39476,253.54853219999995,4128.319700000001
77.529325,235.54099187999998,3968.6771000000003
82.682066,216.03282320000002,3698.5127
87.762786,197.70936112,3268.7057
92.854232,181.2814296,2875.7393
97.96199,166.90698952000002,2556.4541
103.120259,154.58604087999998,2261.7293
108.240604,144.20011302,1991.5648999999999
113.645707,135.2753233,1819.6421
118.787786,128.00912282,1733.6807
123.936319,122.00660938000001,1623.1589
129.041718,117.07033188000001,1598.5985
134.176709,112.84487834,1512.6371
139.342285,109.25126832,1463.5163000000002
144.496513,106.28950182000001,1475.7965
149.656263,103.72263751999999,1475.7965
154.817333,101.51118520000001,1512.6371
160.022788,99.61565464,1475.7965
165.185504,98.03604584000001,1451.2361
170.628573,96.57490769999998,1402.1153
175.798764,95.35071088000001,1402.1153
180.997445,94.24498471999998,1426.6757000000002
186.164349,93.33670966,1426.6757000000002
191.327575,92.50741504000001,1389.8351000000002
196.511166,91.79659108,1426.6757000000002
201.7124,91.12525734,1402.1153
206.902433,90.49341382,1414.3955
211.979323,90.01953118,1414.3955
217.104966,89.50615832000001,1463.5163000000002
222.199679,89.07176590000002,1438.9559
227.568993,88.63737348000001,1426.6757000000002
232.680897,88.32145172,1426.6757000000002
237.773489,87.96603974000001,1426.6757000000002
242.880359,87.65011798,1426.6757000000002
248.028515,87.13674511999999,1426.6757000000002
253.168759,86.8998038,1414.3955
258.329272,86.86031358,1426.6757000000002
263.482007,86.62337226,1438.9559
268.597902,86.34694072,1402.1153
273.694653,86.18897984000002,1389.8351000000002
278.803026,85.99152874,1414.3955
284.195388,85.79407764000001,1402.1153
289.323813,85.67560698,1365.2747
294.466881,85.47815588000002,1389.8351000000002
299.612018,85.320195,1402.1153
304.769364,85.16223412000002,1402.1153
309.92605,85.00427324,1377.5549
315.082235,84.84631236000001,1377.5549
320.2171,84.53039059999999,1426.6757000000002
325.376223,84.60937104,1389.8351000000002
330.544218,84.49090038000001,1389.8351000000002
335.681384,84.37242972000001,1414.3955
341.114125,84.09599818,1414.3955
346.303874,84.09599818,1352.9945000000002
351.50414,84.01701774,1389.8351000000002
356.654125,83.89854708,1402.1153
361.818307,83.78007642000001,1389.8351000000002
366.993137,83.70109598,1365.2747
372.17151,83.62211554000001,1377.5549
377.351615,83.50364488,1365.2747
382.518755,83.38517422000002,1402.1153
387.700547,83.345684,1340.7143
392.902511,83.26670356,1377.5549
398.382872,83.14823290000001,1389.8351000000002
403.6017,83.10874268,1402.1153
408.792765,82.99027202,1402.1153
413.968328,82.91129158000001,1377.5549
419.071221,82.83231114,1402.1153
424.202372,82.7533307,1377.5549
429.318927,82.67435026000001,1365.2747
434.449881,82.59536982,1340.7143
