0.206424,669.02513682,-267.9919
5.399439,669.06462704,7898.3411000000015
10.56731,669.10411726,8008.8629
15.691641,669.1830976999998,7935.181700000001
20.868957,669.22258792,8021.143100000001
26.003205,669.26207814,7972.0223000000005
31.107002,669.34105858,7984.302500000002
36.237393,669.3805488,7972.0223000000005
41.413881,669.42003902,8021.143100000001
46.508049,669.4595292399999,8057.983700000001
51.597387,669.49901946,7972.0223000000005
56.951375,669.02513682,7935.181700000001
62.092252,670.1308629800001,7935.181700000001
67.254721,678.73973094,7947.4619
72.449525,695.9179766400001,7947.4619
77.644562,717.7955585200001,8094.8243
82.835421,741.1342785400001,8229.906500000001
87.982785,763.6437039400001,8598.3125
93.09512,784.37606944,8893.0373
98.180617,803.0549435,9310.564100000001
103.362059,819.7987967800001,9470.2067
108.526878,834.21272708,9678.9701
113.938602,847.2839899,9850.8929
119.103847,857.9068590800001,9936.8543
124.29643,866.9896096800001,10133.337500000001
129.509626,874.76918302,10305.260300000002
134.710256,881.2455791000001,10403.501900000001
139.904942,886.81370012,10354.3811
145.088707,891.59201674,10440.3425
150.225304,895.6595094,10526.3039
155.447048,899.13464876,10563.1445
160.661613,902.1753957,10526.3039
165.878403,904.70276978,10599.985100000002
171.288905,906.99320254,10599.985100000002
176.479663,908.8492428799999,10624.5455
181.70354,910.50783212,10563.1445
186.894823,911.9689702600001,10649.1059
192.055833,913.2326572999999,10624.5455
197.238842,914.29889324,10735.0673
202.462382,915.32563896,10821.0287
207.635145,916.11544336,10870.149500000001
212.742201,916.9052477600001,10710.5069
217.89354,917.6160717199999,10649.1059
223.044541,918.1689348000001,10673.6663
228.471446,918.8007783200001,10673.6663
233.642936,919.3536414,10685.9465
238.796192,919.82752404,10710.5069
243.943047,920.26191646,10649.1059
249.14432,920.69630888,10673.6663
254.309965,921.0517208599999,10599.985100000002
259.462415,921.3676426200001,10649.1059
264.5855,921.68356438,10784.188100000001
269.72471,921.9994861399999,10821.0287
274.889282,922.23642746,10784.188100000001
280.022192,922.47336878,10710.5069
285.474233,922.74980032,10685.9465
290.652489,922.9472514199999,10649.1059
295.809055,923.18419274,10685.9465
301.036183,923.4211340599999,10808.748500000002
