0.206917,902.25437614,-267.9919
5.413116,902.2938663599999,10710.5069
10.532541,902.2938663599999,10673.6663
15.702137,902.2938663599999,10649.1059
20.906165,902.33335658,10735.0673
26.063368,902.33335658,10685.9465
31.224008,902.33335658,10685.9465
36.407925,902.33335658,10624.5455
41.597304,902.33335658,10649.1059
46.814877,902.3728467999999,10735.0673
51.948333,903.12316098,10710.5069
57.335674,902.5702979,10649.1059
62.537566,879.4685192000001,10673.6663
67.69679,832.75158894,10526.3039
72.919471,776.83343742,9949.1345
78.108152,723.7980719600001,9236.8829
83.314417,677.1996123600002,8401.829300000001
88.466614,638.2622554400001,7665.0173
93.589521,606.3146674600001,7100.128100000001
98.706741,580.0141809400001,6608.9201
103.886994,558.1365990600001,6265.074500000001
109.039193,540.1685489600001,6044.030900000001
114.477664,524.56991206,5896.668500000001
119.615626,512.4464145200001,5786.1467
124.808026,502.21844753999994,5614.223900000001
129.985036,493.6490698,5503.7021
135.145033,486.5803204200001,5503.7021
140.366465,480.4198461,5442.301100000001
145.565151,475.24662728,5515.982300000001
150.732377,470.82372263999997,5491.4219
155.895377,466.87470064,5503.7021
161.096566,463.59701238,5430.0209
166.33214,460.6747361,5356.3397
171.775017,458.06838158000005,5380.900100000001
176.946229,455.89641948,5405.460500000001
182.107716,454.00088892,5368.619900000001
187.29434,452.30280946,5319.499100000001
192.481079,450.84167132,5258.098100000001
197.681553,449.49900384,5319.499100000001
202.867242,448.31429724,5331.779300000001
208.050275,447.2480613,5319.499100000001
213.178123,446.26080579999996,5356.3397
218.321761,445.39202095999997,5380.900100000001
223.48314,444.52323612,5430.0209
228.884327,443.77292194,5356.3397
234.024168,443.14107842,5319.499100000001
239.142944,442.50923489999997,5368.619900000001
244.279024,441.95637182,5393.180300000001
249.436297,441.40350873999995,5368.619900000001
254.58858,440.9296261,5368.619900000001
259.746706,440.45574346,5368.619900000001
264.871205,440.06084126,5319.499100000001
270.040342,439.62644884,5380.900100000001
275.193851,439.2710368599999,5430.0209
280.351414,438.9551151,5405.460500000001
285.8262,438.67868355999997,5368.619900000001
290.994612,438.3627618,5442.301100000001
296.152874,438.00734982,5380.900100000001
301.306686,437.73091827999997,5380.900100000001
306.493634,437.53346718,5356.3397
311.711683,437.21754542,5356.3397
316.876139,437.05958454,5380.900100000001
322.077828,436.86213344000004,5380.900100000001
327.246648,436.66468233999996,5356.3397
332.397987,436.42774102,5393.180300000001
337.569417,436.23028992,5405.460500000001
343.028088,436.07232903999994,5442.301100000001
348.198671,435.87487794,5430.0209
353.37663,435.67742683999995,5380.900100000001
358.541454,435.55895618,5356.3397
363.731298,435.4009952999999,5442.301100000001
368.920296,435.24303442,5491.4219
374.104793,435.2035442,5430.0209
379.275689,434.84813222,5380.900100000001
384.492332,434.808642,5405.460500000001
389.678429,434.69017133999995,5393.180300000001
394.908144,434.57170067999994,5356.3397
400.409115,434.4927202399999,5331.779300000001
405.616497,434.33475936,5331.779300000001
410.848897,434.25577892,5356.3397
416.004764,434.13730826,5331.779300000001
421.175684,434.05832781999993,5331.779300000001
426.354009,433.93985716,5380.900100000001
431.500587,433.86087671999996,5331.779300000001
436.679765,433.74240605999995,5393.180300000001
