0.206751,455.9359097,-267.9919
5.437883,455.97539992000003,5761.586300000001
10.60192,456.01489014000003,5724.7457
15.725644,456.09387058,5761.586300000001
20.935962,456.13336079999993,5798.4269
26.051208,456.21234123999994,5798.4269
31.161702,456.25183145999995,5798.4269
36.31929,456.29132167999995,5712.4655
41.497668,456.33081189999996,5724.7457
46.608752,456.40979233999997,5798.4269
51.78381,456.9231652,5761.586300000001
57.220386,461.18810895999997,5724.7457
62.372597,476.03643168,5724.7457
67.510856,497.99299399999995,5786.1467
72.662814,521.3712042400001,6044.030900000001
77.843648,543.36725678,6314.1953
83.011574,562.5595037,6621.2003
88.134673,578.82947434,6903.644900000001
93.251543,592.53258068,7136.9687
98.404844,603.9847444800001,7321.171700000001
103.549161,613.5018875000001,7443.9737000000005
108.749224,621.4789119400001,7566.775700000001
114.182469,628.3897004400001,7726.418300000001
119.352621,633.87884102,7763.258900000001
124.584877,638.42021632,7886.0609
129.788079,642.2507676600001,7898.3411000000015
134.959716,645.4889657,7935.181700000001
140.143005,648.0953202200002,7935.181700000001
145.332219,650.5437138600001,7935.181700000001
150.515489,652.5182248600001,7935.181700000001
155.64259,654.1768141000001,8008.8629
160.827418,655.6379522400001,7984.302500000002
166.01999,656.9411295,7972.0223000000005
171.483768,658.1258360999999,7984.302500000002
176.691515,659.1130916000001,7947.4619
181.83304,659.9818764400001,7935.181700000001
187.015854,660.73219062,8008.8629
192.220444,661.4035243600002,7935.181700000001
197.377908,661.95638744,7898.3411000000015
202.550412,662.5882309600001,7910.621300000001
207.722415,663.0621135999999,7898.3411000000015
212.806927,663.4965060199999,7947.4619
217.941887,663.89140822,7935.181700000001
223.027994,664.2468202,7935.181700000001
228.432183,664.60223218,7898.3411000000015
233.56278,664.95764416,7898.3411000000015
238.70715,665.19458548,7849.220300000001
243.897718,665.5105072399999,7947.4619
249.056598,665.74744856,7935.181700000001
254.17766,665.9054094400001,7947.4619
259.316286,666.1423507600001,7935.181700000001
264.445087,666.33980186,7935.181700000001
269.586864,666.5372529599999,8008.8629
274.724631,666.6952138400001,7910.621300000001
279.881576,666.8531747200001,7972.0223000000005
285.302739,667.0111356,7984.302500000002
290.446429,667.16909648,7984.302500000002
295.623783,667.2875671400001,7910.621300000001
300.769535,667.4060377999999,8008.8629
305.946181,667.5639986799999,7972.0223000000005
311.077693,667.68246934,7910.621300000001
316.239191,667.8009399999999,7898.3411000000015
321.445643,667.8799204399999,7984.302500000002
326.644894,667.9983911,8008.8629
331.833914,668.0773715400001,8057.983700000001
337.014155,668.1563519800001,8008.8629
342.446961,668.2748226399999,7984.302500000002
347.601973,668.3538030799999,7947.4619
352.760994,668.4327835199999,7947.4619
357.938698,668.5117639599999,7947.4619
363.103242,668.5907444000001,7947.4619
368.272298,668.66972484,7861.500500000001
373.4697,668.7881955,7812.3797
378.638401,668.7881955,7812.3797
383.829427,668.86717594,7898.3411000000015
