0.207539,-3.098407580000003,-267.9919
5.408271,-3.098407580000003,517.9409
10.592255,-3.098407580000003,505.6607
15.734998,-3.137897800000002,517.9409
20.891833,-3.098407580000003,481.10030000000006
26.000687,-3.098407580000003,456.5399
31.117862,-3.098407579999999,481.10030000000006
36.281362,-3.2958586799999985,493.3805
41.478489,-3.098407579999999,517.9409
46.63274,-3.256368459999999,493.3805
51.972507,-3.05891736,481.10030000000006
57.088367,-3.05891736,481.10030000000006
62.215908,-3.05891736,481.10030000000006
67.361061,-3.098407579999999,456.5399
72.525837,-3.098407579999999,456.5399
77.713388,-3.0589173599999966,468.8201
82.919511,-3.2563684599999956,444.25970000000007
88.04314,-3.0589173599999966,431.97950000000003
93.190909,-3.2958586799999945,468.8201
98.361828,-3.0589173599999966,481.10030000000006
103.546173,-3.0589173600000037,468.8201
109.021766,-3.177388020000001,431.97950000000003
114.228998,-3.098407579999999,468.8201
119.401075,-3.098407579999999,456.5399
124.546973,-3.098407579999999,481.10030000000006
129.703502,-3.177388020000001,456.5399
134.856807,-3.0589173600000037,431.97950000000003
140.041239,-3.0589173600000037,456.5399
145.227364,-3.098407579999999,493.3805
150.442481,-3.05891736,481.10030000000006
155.6275,-3.05891736,456.5399
160.824414,-3.05891736,456.5399
166.309813,-3.05891736,481.10030000000006
171.458713,-3.05891736,493.3805
176.651984,-3.05891736,530.2211
181.833044,-3.256368459999999,517.9409
187.000655,-3.0589173599999966,493.3805
192.185161,-3.0589173599999966,468.8201
197.378196,-3.0194271399999977,493.3805
202.609413,-3.0589173599999966,456.5399
207.824806,-3.0589173599999966,456.5399
213.228897,-3.0194271399999977,481.10030000000006
218.369906,-3.256368459999999,468.8201
223.527298,-3.0194271399999977,468.8201
228.705003,-3.0194271399999977,493.3805
233.847788,-3.0194271399999977,481.10030000000006
239.014531,-3.0194271399999977,481.10030000000006
244.151012,-3.05891736,468.8201
249.303975,-3.05891736,481.10030000000006
254.494527,-3.0194271400000012,431.97950000000003
259.675039,-3.0194271400000012,456.5399
264.837816,-3.21687824,431.97950000000003
270.291952,-3.0194271400000012,431.97950000000003
275.415,-3.0194271400000012,431.97950000000003
280.566848,-3.05891736,456.5399
285.698737,-3.0194271400000012,431.97950000000003
290.881303,-3.0194271400000012,419.6993
296.039971,-2.9799369199999983,444.25970000000007
301.205709,-3.0194271399999977,468.8201
306.399299,-2.9799369199999983,456.5399
311.570831,-3.0194271399999977,468.8201
316.723073,-3.0194271399999977,468.8201
321.899357,-3.0194271399999977,456.5399
327.371008,-3.0194271399999977,456.5399
332.539035,-3.0194271399999977,456.5399
337.693613,-2.9799369199999983,456.5399
342.88842,-3.0194271399999977,431.97950000000003
348.078392,-3.0194271399999977,431.97950000000003
353.264348,-2.9799369199999983,444.25970000000007
358.43701,-2.9799369199999983,456.5399
363.610961,-3.05891736,431.97950000000003
368.795005,-2.9799369199999983,444.25970000000007
373.989396,-3.0194271399999977,468.8201
379.178713,-3.0194271399999977,419.6993
384.725714,-2.9799369199999983,395.13890000000004
389.928299,-3.0194271399999977,431.97950000000003
395.139828,-3.0194271399999977,419.6993
400.329939,-3.0194271399999977,431.97950000000003
405.535416,-3.0194271399999977,456.5399
410.728362,-3.0194271399999977,456.5399
415.854013,-2.9799369199999983,444.25970000000007
421.026511,-2.9799369199999983,444.25970000000007
426.213107,-2.9799369199999983,431.97950000000003
431.622599,-2.9799369199999983,456.5399
436.751069,-3.0194271400000012,456.5399
441.866702,-2.9799369199999983,431.97950000000003
447.024188,-3.0194271400000012,444.25970000000007
452.16687,-3.0194271400000012,481.10030000000006
457.294473,-2.9799369199999983,468.8201
462.413535,-3.0194271400000012,444.25970000000007
467.597057,-2.9799369199999983,419.6993
472.757398,-3.0194271400000012,481.10030000000006
477.944994,-3.0194271400000012,468.8201
483.097334,-2.9799369199999983,456.5399
488.620428,-2.9799369199999983,456.5399
493.765647,-2.9799369199999983,444.25970000000007
498.915731,-2.9799369199999983,468.8201
504.086569,-3.0194271399999977,456.5399
509.28158,-2.9799369199999983,419.6993
514.431242,-2.9799369199999983,431.97950000000003
519.612737,-3.0194271399999977,444.25970000000007
524.795718,-2.9799369199999983,431.97950000000003
529.996113,-2.9799369199999983,431.97950000000003
535.154432,-2.9799369199999983,431.97950000000003
540.327081,-3.0194271399999977,444.25970000000007
545.789863,-3.1773880199999973,468.8201
550.956973,-3.0194271399999977,456.5399
556.171377,-3.0194271399999977,456.5399
561.350375,-2.9799369199999983,468.8201
566.544521,-2.9799369199999983,456.5399
571.710142,-3.2168782399999967,444.25970000000007
576.901463,-2.9799369199999983,468.8201
582.061413,-2.9799369199999983,456.5399
587.252419,-2.9799369199999983,419.6993
592.421413,-2.9799369199999983,431.97950000000003
597.598972,-2.9799369199999983,481.10030000000006
603.044319,-2.9799369199999983,481.10030000000006
608.214773,-2.9799369199999983,431.97950000000003
613.415995,-3.0194271399999977,444.25970000000007
618.60233,-2.9799369199999983,444.25970000000007
623.775839,-2.9799369199999983,431.97950000000003
628.944706,-2.9799369199999983,431.97950000000003
634.114781,-2.9799369199999983,431.97950000000003
639.291091,-2.9799369199999983,419.6993
644.472679,-3.0194271399999977,395.13890000000004
649.642736,-3.177388020000001,395.13890000000004
654.810859,-3.05891736,419.6993
660.267101,-2.979936920000002,419.6993
665.44885,-2.979936920000002,444.25970000000007
670.67491,-3.177388020000001,431.97950000000003
675.887477,-3.0194271399999977,431.97950000000003
681.0673,-3.2168782399999967,456.5399
686.227063,-2.979936920000002,456.5399
691.407727,-3.0194271399999977,468.8201
696.603614,-2.979936920000002,456.5399
701.804466,-2.979936920000002,431.97950000000003
707.041598,-2.979936920000002,456.5399
712.244264,-2.979936920000002,431.97950000000003
717.719248,-2.979936920000002,431.97950000000003
722.935703,-2.979936920000002,468.8201
728.108225,-2.979936920000002,444.25970000000007
733.299144,-3.019427140000005,431.97950000000003
738.491845,-2.979936920000002,419.6993
743.682577,-2.979936920000002,444.25970000000007
748.861059,-3.019427140000005,444.25970000000007
754.020604,-3.019427140000005,431.97950000000003
759.222506,-2.979936920000002,419.6993
764.405634,-3.019427140000005,382.8587
769.657465,-3.019427140000005,395.13890000000004
775.171501,-2.979936920000002,419.6993
780.408662,-2.9404466999999994,456.5399
785.623704,-2.979936920000002,431.97950000000003
790.80898,-3.019427140000005,395.13890000000004
796.041917,-2.940446700000003,419.6993
801.245635,11.828895579999998,395.13890000000004
806.457171,50.84523294000001,468.8201
811.685742,94.75835758000001,738.9845000000001
817.08119,133.34030252,1242.4727000000003
822.263437,154.38858978,1782.8015
827.337514,167.49934282,2335.4105
832.401305,180.33366432000003,2630.1353
837.549976,195.61637945999996,2875.7393
842.713719,212.24176207999997,3023.1017
847.845518,228.51173271999997,3244.1453
852.971373,243.24158477999998,3416.0681
858.130638,256.23386716,3587.9909000000002
863.270172,267.13316788,3747.6335
868.395677,276.25540870000003,3845.8750999999997
873.785586,284.23243313999996,3944.1167
878.879223,290.59035856,4054.6385000000005
883.940863,295.88204804,4140.5999
889.026742,300.30495268,4152.8801
894.103207,304.17499424,4165.1603000000005
899.16715,307.41319228,4226.5613
904.270725,310.2169979,4251.121700000001
909.3754,312.62590131999997,4263.401900000001
914.521481,314.71888298,4238.8415
919.63549,316.5354331,4226.5613
924.73958,318.15453212,4202.000900000001
930.148794,319.61567025999994,4238.8415
935.266828,320.87935730000004,4214.2811
940.415199,321.90610302,4263.401900000001
945.549736,322.89335852,4226.5613
950.66162,323.76214336,4214.2811
955.737267,324.51245754000007,4116.039500000001
960.848687,325.18379128000004,4177.440500000001
965.960091,325.81563479999994,4263.401900000001
971.087298,326.44747832,4300.2425
976.21723,327.0003413999999,4263.401900000001
981.332796,327.47422403999997,4263.401900000001
986.723806,327.94810667999997,4287.9623
991.8165,328.30351865999995,4287.9623
996.892078,328.65893064,4287.9623
1002.040857,329.0538328399999,4238.8415
1007.155538,329.40924481999997,4238.8415
1012.263786,329.7251665799999,4287.9623
1017.411271,330.00159812,4263.401900000001
1022.549277,330.19904921999995,4300.2425
1027.660663,330.43599054,4214.2811
1032.731501,330.67293185999995,4238.8415
1037.830979,330.90987318,4287.9623
1043.214507,331.10732427999994,4287.9623
1048.363481,331.30477538,4287.9623
1053.476084,331.50222648,4287.9623
1058.606891,331.62069713999995,4312.5227
1063.710858,331.7786580199999,4312.5227
1068.843798,331.9366189,4337.083100000001
1073.987162,332.09457978,4300.2425
1079.143891,332.25254065999997,4300.2425
1084.287194,332.41050154,4287.9623
1089.413183,332.5289721999999,4238.8415
1094.537002,332.64744285999996,4263.401900000001
1099.965939,332.76591351999997,4251.121700000001
1105.0947,332.84489396,4214.2811
1110.176482,332.96336461999994,4238.8415
1115.302926,333.08183527999995,4251.121700000001
1120.416653,333.20030593999996,4251.121700000001
1125.552639,333.31877660000004,4214.2811
1130.653921,333.39775704,4214.2811
1135.733362,333.47673747999994,4226.5613
1140.864794,333.55571791999995,4251.121700000001
1145.996119,333.59520813999995,4214.2811
1151.154426,333.71367879999997,4165.1603000000005
1156.593885,333.7926592399999,4177.440500000001
1161.756345,333.87163967999993,4238.8415
1166.948308,333.95062012,4214.2811
1172.093981,334.02960056,4128.319700000001
1177.201428,334.14807121999996,4226.5613
1182.339508,334.14807121999996,4177.440500000001
1187.484686,334.22705166,4251.121700000001
1192.639791,334.26654188,4251.121700000001
1197.812617,334.34552232,4263.401900000001
1203.001789,334.42450275999994,4287.9623
1208.130678,334.46399297999994,4312.5227
1213.556692,334.50348319999995,4287.9623
1218.679537,334.5824636399999,4251.121700000001
1223.788343,334.66144407999997,4238.8415
1228.902476,334.62195385999996,4238.8415
1234.00374,334.74042452,4177.440500000001
1239.146991,334.77991474,4177.440500000001
1244.273078,334.81940496,4238.8415
1249.404964,334.8983854,4251.121700000001
1254.552363,334.8983854,4300.2425
1259.654466,334.93787562,4373.9237
1264.802449,334.93787562,4349.363300000001
