0.206191,923.8950167,-267.9919
5.412202,924.0924677999999,10735.0673
10.557925,924.17144824,10808.748500000002
15.670389,924.2899189,10784.188100000001
20.815534,924.40838956,10784.188100000001
25.906787,924.52686022,10735.0673
31.018504,924.64533088,10759.627700000001
36.127231,924.7638015399999,10845.589100000001
41.339872,924.8822722,10894.709900000002
46.490166,924.96125264,10784.188100000001
51.597016,925.0797233,10808.748500000002
56.993832,925.15870374,10821.0287
62.153653,925.23768418,10919.2703
67.30963,925.35615484,10931.550500000001
72.493874,925.2771744,11005.2317
77.662612,925.35615484,10919.2703
82.894749,925.39564506,10894.709900000002
88.034895,924.7243113199999,10845.589100000001
93.186877,923.46062428,10870.149500000001
98.312778,921.9599959200001,10821.0287
103.416913,920.26191646,10808.748500000002
108.586001,918.40587612,10821.0287
114.047421,916.5498357800001,10735.0673
119.161827,914.89124654,10649.1059
124.285799,913.35112796,10587.7049
129.433236,911.9294800399999,10710.5069
134.604658,910.6657930000001,10649.1059
139.820551,909.63904728,10599.985100000002
144.999288,908.65179178,10624.5455
150.155883,907.74351672,10624.5455
155.315861,907.0326927599999,10649.1059
160.524129,906.3218688,10685.9465
165.741749,905.7295155,10808.748500000002
171.213535,905.21614264,10673.6663
176.394002,904.8607306600001,10710.5069
181.545429,904.42633824,10673.6663
186.69212,904.1499066999999,10599.985100000002
191.877007,903.87347516,10624.5455
197.092308,903.63653384,10624.5455
202.295605,903.4785729600001,10710.5069
207.505408,903.3601022999999,10735.0673
212.612308,903.20214142,10710.5069
217.758786,903.0836707599999,10735.0673
222.878545,902.9652001000001,10759.627700000001
228.310174,902.88621966,10821.0287
233.42013,902.80723922,10735.0673
238.523396,902.72825878,10685.9465
243.646423,902.6097881200001,10673.6663
248.837873,902.60978812,10649.1059
254.021095,902.5702979,10685.9465
259.201459,902.4913174600001,10673.6663
264.338117,902.45182724,10735.0673
269.472754,902.45182724,10685.9465
274.595186,902.41233702,10649.1059
279.748435,902.33335658,10587.7049
285.168899,902.2938663599999,10587.7049
290.322211,902.3728467999999,10784.188100000001
295.492072,902.33335658,10710.5069
