0.206122,82.31893828000001,-267.9919
5.451732,82.27944806000002,1389.8351000000002
10.620059,82.16097740000001,1340.7143
15.788726,82.16097740000001,1377.5549
21.018913,82.16097740000001,1340.7143
26.184236,82.12148718,1340.7143
31.322606,82.12148718,1340.7143
36.501163,82.04250674000001,1389.8351000000002
41.66062,82.00301652,1402.1153
46.76941,81.92403608000001,1426.6757000000002
51.920154,81.88454586000002,1402.1153
57.293891,81.80556542,1365.2747
62.439304,81.72658498000001,1389.8351000000002
67.60584,81.68709476000002,1365.2747
72.821644,81.64760454,1352.9945000000002
78.064479,81.52913388,1365.2747
83.256607,81.56862410000001,1340.7143
88.41712,81.48964366000003,1340.7143
93.594509,81.48964366,1377.5549
98.774401,81.45015344000001,1414.3955
103.959523,83.89854708,1402.1153
109.140957,97.24624143999998,1414.3955
114.567094,119.00535266000001,1426.6757000000002
119.73783,140.13262035999998,1647.7193000000002
124.91996,158.92996508,1930.1639
130.044459,174.72605308,2200.3283
135.201216,187.99476699999997,2421.3719
140.343872,199.01253838000002,2654.6957
145.512271,208.05579876,2851.1789
150.714117,215.59843078,2924.8601
155.940129,221.79839531999997,3023.1017
161.14052,226.97161413999996,3145.9037
166.32528,231.27604812,3219.5849000000003
171.77971,234.98812879999997,3256.4255000000003
176.953525,237.9498953,3268.7057
182.130383,240.35879871999995,3293.2661000000003
187.336986,242.49127059999998,3366.9473000000003
192.527737,244.2683305,3391.5077
197.723286,245.80844907999995,3342.3869
202.95568,247.11162634,3366.9473000000003
208.19035,248.2173525,3330.1067000000003
213.317049,249.20460799999998,3403.7879000000003
218.468536,250.03390262000002,3416.0681
223.664658,250.74472658000002,3354.6671
229.124463,251.45555054,3317.8265
234.289802,251.9689234,3391.5077
239.439049,252.52178647999995,3403.7879000000003
244.641205,252.91668868,3428.3483
249.823306,253.35108109999993,3354.6671
255.013086,253.74598329999998,3366.9473000000003
260.20387,254.02241484,3330.1067000000003
265.387906,254.29884638,3403.7879000000003
270.548057,254.57527791999996,3354.6671
275.708236,254.85170946000005,3366.9473000000003
280.891603,255.04916056000002,3379.2275
286.380261,255.24661165999999,3342.3869
291.572391,255.44406276,3342.3869
296.808522,255.60202364000003,3305.5463
301.989718,255.72049429999998,3379.2275
307.213165,255.75998452,3317.8265
312.439841,256.03641606,3379.2275
317.611322,256.15488672,3305.5463
322.808668,256.27335738,3330.1067000000003
328.034252,256.39182804,3342.3869
333.226111,256.47080848,3330.1067000000003
338.424171,256.58927914,3354.6671
343.941258,256.66825958,3330.1067000000003
349.169005,256.70774979999993,3403.7879000000003
354.420106,256.78673023999994,3416.0681
359.66586,256.9052009,3403.7879000000003
364.865971,256.98418134,3342.3869
370.067524,256.98418134,3342.3869
375.273194,257.02367156,3379.2275
380.47039,257.1421422199999,3416.0681
385.68972,257.22112265999993,3391.5077
390.912742,257.26061287999994,3366.9473000000003
396.143594,257.30010309999994,3391.5077
401.713418,257.33959331999995,3416.0681
406.953351,257.37908353999995,3428.3483
412.250435,257.41857375999996,3416.0681
417.440126,257.45806397999996,3330.1067000000003
422.617988,257.4975542,3342.3869
427.840206,257.4975542,3403.7879000000003
433.020716,257.53704442,3379.2275
438.2367,257.57653464,3428.3483
443.431873,257.61602486,3330.1067000000003
