0.206133,367.24087557999997,-267.9919
5.494526,367.20138535999996,4582.687100000001
10.630276,367.16189513999996,4631.807900000001
15.778493,367.16189513999996,4656.368300000001
20.935677,367.24087558,4631.807900000001
26.054224,367.2803658,4656.368300000001
31.164083,367.2803658,4619.527700000001
36.317528,367.24087558,4607.2475
41.471701,367.24087558,4582.687100000001
46.575091,367.24087558,4668.6485
51.686096,367.16189514,4705.489100000001
57.039498,367.16189513999996,4668.6485
62.161334,366.92495382,4693.2089000000005
67.325732,366.96444404,4619.527700000001
72.480202,369.72875944,4558.126700000001
77.644353,377.15292079999995,4582.687100000001
82.851895,390.26367383999997,4680.9287
87.975664,408.86356746,4791.450500000001
93.109751,431.64942440000004,5098.455500000001
98.255731,456.84418476,5307.218900000001
103.360379,482.55231798,5601.943700000001
108.496237,508.18147076,5994.910100000001
113.946772,534.20552574,6363.316100000001
119.098122,557.2678142200001,6670.321100000001
124.295663,578.7504939,6965.045900000001
129.5053,598.4956039,7284.3311
134.671589,616.18722246,7566.775700000001
139.880964,632.1807615600001,7787.819300000001
145.081526,646.4367309800001,7972.0223000000005
150.243321,659.03411116,8143.945100000001
155.420912,670.1703532,8303.5877
160.592267,680.0429082,8438.6699
165.74867,688.77024682,8598.3125
171.226417,696.7867614800001,8708.8343
176.407412,703.4211184400001,8782.515500000001
181.561115,709.22618078,8868.476900000001
186.713074,714.3204191600001,8942.1581
191.892079,718.78281402,8978.9987
197.032972,722.6923458,9015.839300000001
202.200028,726.2069753800001,9015.839300000001
207.381314,729.2082321,9040.3997
212.486985,731.9330572800001,8966.7185
217.597541,734.2629802600001,9040.3997
222.691664,736.3164717000002,9077.240300000001
228.122778,738.25149248,9040.3997
233.248262,739.8705915,9114.0809
238.397798,741.2527491999999,9089.5205
243.545479,742.47694602,9163.201700000001
248.72756,743.6221624000001,9163.201700000001
253.903027,744.56992768,9126.3611
259.018402,745.4782027399999,9052.679900000001
264.145249,746.2680071399999,9052.679900000001
269.307431,746.9788310999999,9077.240300000001
274.428161,747.6501648399999,9003.5591
279.557173,748.24251814,9052.679900000001
285.036003,748.79538122,9126.3611
290.165344,749.30875408,9150.9215
295.339566,749.78263672,9150.9215
300.464546,750.1775389200001,9187.762100000002
