0.205096,876.1118505,-267.9919
5.45598,876.15134072,10121.0573
10.604716,876.23032116,10157.897900000002
15.724439,876.26981138,10219.298900000002
20.87246,876.3093016,10194.738500000001
26.027711,876.42777226,10194.738500000001
31.160412,876.4672624799999,10133.337500000001
36.371799,876.4672624799999,10096.4969
41.588465,876.58573314,10059.6563
46.733383,876.9016548999999,10096.4969
51.880574,862.13231262,10133.337500000001
57.293561,829.35543002,10071.936500000002
62.484403,796.3416061,9752.651300000001
67.657818,767.39527484,9273.7235
72.839352,743.38522108,8868.476900000001
78.061116,723.64011108,8487.790700000001
83.295231,707.56759154,8168.505500000001
88.450805,694.6937798199999,7935.181700000001
93.576093,684.1893813,7775.539100000001
98.730382,675.54102312,7665.0173
103.906493,668.3932933,7615.896500000001
109.135967,662.4302700799999,7542.215300000001
114.564334,657.25705126,7529.935100000001
119.705848,653.11057816,7493.094500000001
124.966645,649.59594858,7443.9737000000005
130.186757,646.63418208,7407.133100000001
135.368633,644.106808,7358.0123
140.66083,641.9348458999999,7394.852900000001
145.938596,640.03931534,7493.094500000001
151.36773,638.42021632,7443.9737000000005
156.741391,636.9985684000001,7529.935100000001
162.757227,635.6164107000001,7456.253900000001
168.304599,634.5106845399999,7394.852900000001
174.026753,633.52342904,7431.6935
179.283178,632.73362464,7358.0123
184.506069,632.0228006799999,7284.3311
189.979555,631.3514669399999,7284.3311
195.27791,630.79860386,7345.732100000001
200.487848,630.32472122,7358.0123
205.711321,629.85083858,7370.2925000000005
211.072696,629.41644616,7321.171700000001
216.385541,628.98205374,7370.2925000000005
221.757349,628.6266417599999,7431.6935
226.908703,628.3897004400001,7358.0123
232.393541,628.0342884600001,7308.891500000001
237.517253,627.79734714,7345.732100000001
242.759574,627.56040582,7370.2925000000005
247.987556,627.3234645,7345.732100000001
253.238764,627.0865231800001,7321.171700000001
258.464767,626.9680525199999,7345.732100000001
263.691258,626.77060142,7321.171700000001
268.90429,626.57315032,7321.171700000001
274.069456,626.4546796599999,7358.0123
