0.206319,335.17481693999997,-267.9919
5.421116,335.17481693999997,4300.2425
10.525248,335.17481693999997,4287.9623
15.639025,335.21430716,4251.121700000001
20.779094,335.29328760000004,4238.8415
25.842218,335.33277782,4287.9623
30.93758,335.37226803999994,4300.2425
36.030905,335.37226803999994,4226.5613
41.137919,335.41175825999994,4202.000900000001
46.197555,335.45124847999995,4263.401900000001
51.279581,335.49073869999995,4287.9623
56.611698,335.53022891999996,4251.121700000001
61.698418,335.53022891999996,4263.401900000001
66.820384,335.56971913999996,4202.000900000001
71.929465,335.60920935999997,4251.121700000001
77.045992,335.60920935999997,4263.401900000001
82.222611,335.64869957999997,4300.2425
87.325795,335.64869957999997,4287.9623
92.430655,335.72768002,4300.2425
97.503004,335.72768002,4337.083100000001
102.569694,335.72768002,4287.9623
107.690316,335.7671702399999,4263.401900000001
113.07795,335.80666045999993,4263.401900000001
118.177845,335.80666045999993,4263.401900000001
123.319047,335.80666045999993,4251.121700000001
128.446059,335.84615067999994,4238.8415
133.555829,335.88564089999994,4300.2425
138.685247,335.88564089999994,4312.5227
143.794618,335.92513111999995,4287.9623
148.939189,335.96462134,4300.2425
154.063286,335.96462134,4251.121700000001
159.223125,336.00411156,4251.121700000001
164.43673,336.00411156,4251.121700000001
169.840376,335.96462134,4263.401900000001
174.956315,336.04360178,4312.5227
180.11879,336.04360178,4202.000900000001
185.257372,336.04360178,4152.8801
190.382078,336.083092,4152.8801
195.496919,336.12258222,4238.8415
200.657224,336.04360178,4287.9623
205.811191,335.80666045999993,4312.5227
210.914057,338.2550541,4263.401900000001
216.015923,346.42952963999994,4312.5227
221.122637,362.10714698000004,4386.2039
226.518212,386.55159316,4398.484100000001
231.602621,414.82659068,4607.2475
236.662713,445.54998184,4840.5713000000005
241.761083,476.94470674,5184.4169
246.912128,507.5891174599999,5663.344700000001
252.071184,536.6934096,6056.311100000001
257.194949,563.2308374400001,6522.958700000001
262.346816,587.51732274,6793.123100000001
267.471181,609.23694374,7186.089500000001
272.614181,628.6661319800002,7529.935100000001
277.771284,645.96284834,7738.6985
283.204058,661.8774070000001,7947.4619
288.300623,675.0276502600001,8094.8243
293.43173,686.59828472,8193.065900000001
298.5421,696.66829082,8377.268900000001
303.643277,705.3956294400001,8610.592700000001
308.752304,713.05673212,8647.4333
313.918924,719.80955974,8684.2739
319.046447,725.61462208,8684.2739
324.194642,730.7088604600002,8831.6363
329.314264,735.1317651,8782.515500000001
334.415082,738.9623164400001,8929.877900000001
339.824087,742.47694602,8942.1581
344.981607,745.47820274,9003.5591
350.126113,748.0450670400002,8942.1581
355.272475,750.3354998000001,9015.839300000001
360.467121,752.34950102,9003.5591
365.631733,754.0870707,8942.1581
370.77819,755.6666795000001,9015.839300000001
375.933571,757.12781764,9015.839300000001
381.04986,758.3915046800001,9003.5591
386.232045,759.4972308399999,9126.3611
391.420517,760.5239765599999,9040.3997
396.878362,761.47174184,9040.3997
402.016732,762.3010364600001,9003.5591
407.164796,763.0513506400001,9003.5591
412.335935,763.7226843799999,8929.877900000001
417.499343,764.3545279,9052.679900000001
422.583512,764.8679007600001,9077.240300000001
427.716999,765.3812736199999,9052.679900000001
432.792745,765.85515626,9015.839300000001
437.860639,766.2895486799999,9003.5591
442.985281,766.7239411,8929.877900000001
448.064519,767.0793530799999,9003.5591
453.439891,767.47425528,9040.3997
458.584561,767.82966726,9089.5205
463.689388,768.14558902,9126.3611
468.755578,768.46151078,9052.679900000001
473.846074,768.73794232,9015.839300000001
478.948291,769.0538640799999,9040.3997
484.035199,769.25131518,9114.0809
489.188101,769.4882564999999,9150.9215
494.277109,769.72519782,9126.3611
499.351503,769.96213914,9040.3997
504.469373,770.1595902399999,9126.3611
509.877652,770.35704134,9052.679900000001
514.98251,770.5544924399999,9089.5205
520.088212,770.7519435400001,9150.9215
525.208281,770.94939464,9089.5205
530.338147,771.0678653,9089.5205
535.49293,771.22582618,9089.5205
540.56754,771.42327728,9077.240300000001
545.710287,771.54174794,9114.0809
550.832349,771.6997088200001,9052.679900000001
555.940488,771.8576697,8978.9987
561.007795,771.97614036,9077.240300000001
566.385257,772.0946110199999,9114.0809
571.522642,772.2525719,9126.3611
576.641039,772.37104256,9126.3611
581.732037,772.52900344,9126.3611
586.867581,772.60798388,9163.201700000001
592.00109,772.72645454,9114.0809
597.119732,772.88441542,9200.042300000001
602.226731,772.96339586,9163.201700000001
607.305932,773.0423763,9114.0809
612.423414,773.20033718,9126.3611
617.569043,773.27931762,9150.9215
622.975842,773.3582980599999,9187.762100000002
628.085811,773.4372784999999,9200.042300000001
633.191827,773.51625894,9200.042300000001
638.301998,773.55574916,9163.201700000001
643.445818,773.67421982,9150.9215
