0.206986,773.91116114,-267.9919
5.410362,773.99014158,9200.042300000001
10.538222,774.06912202,9187.762100000002
15.651219,774.1481024599999,9187.762100000002
20.80558,774.2270828999999,9200.042300000001
25.886885,774.30606334,9236.8829
31.007924,774.34555356,9224.602700000001
36.093142,774.424534,9200.042300000001
41.214031,774.50351444,9150.9215
46.278692,774.5430046600001,9224.602700000001
51.339572,774.5824948799999,9236.8829
56.689086,774.6614753199999,9187.762100000002
61.812759,774.7404557599999,9187.762100000002
66.954972,774.8194361999999,9200.042300000001
72.122595,774.8984166399999,9187.762100000002
77.287793,774.9379068599999,9126.3611
82.42586,775.0168872999999,9163.201700000001
87.49735,775.0958677399999,9298.2839
92.612251,775.1748481799999,9298.2839
97.70085,775.2538286199999,9273.7235
102.791233,775.2933188400001,9224.602700000001
107.886013,775.37229928,9224.602700000001
113.237725,775.4117894999999,9261.4433
118.361938,775.45127972,9298.2839
123.480585,775.53026016,9261.4433
128.591351,775.5302601599999,9187.762100000002
133.724404,775.6092405999999,9163.201700000001
138.880136,775.64873082,9150.9215
144.024507,775.7277112600001,9163.201700000001
149.165152,775.68822104,9187.762100000002
154.324489,775.76720148,9200.042300000001
159.444962,775.8066916999999,9261.4433
164.634733,775.8066916999999,9200.042300000001
170.087074,775.8856721399999,9126.3611
175.268419,775.9251623600001,9150.9215
180.429271,775.37229928,9077.240300000001
185.568451,773.51625894,9163.201700000001
190.724022,770.71245332,9150.9215
195.877374,767.1188433,9114.0809
201.022276,762.30103646,9187.762100000002
206.180948,756.0615816999999,9089.5205
211.327433,748.12404748,9114.0809
216.405535,738.64639468,9003.5591
221.46158,727.6286233,8856.1967
226.842146,714.5573604799999,8745.6749
231.95112,701.2491563399999,8561.4719
237.038521,687.4275793400001,8487.790700000001
242.128673,673.3295708,8328.1481
247.227681,659.2315622600001,8180.7857
252.297775,645.2125341600001,8008.8629
257.395401,631.3119767200001,7849.220300000001
262.4561,617.6483606,7652.737100000001
267.579596,604.10321514,7480.814300000001
272.685951,590.8739914399999,7345.732100000001
277.822898,577.88170906,7136.9687
283.263456,564.49452448,7051.007300000001
288.392127,552.2920465000001,6940.485500000001
293.556462,540.40549028,6768.5627
298.698267,528.8743460400001,6682.6013
303.831109,517.77759422,6522.958700000001
308.956134,507.07574460000006,6473.8379
314.115205,496.65032652,6436.997300000001
319.21539,486.69879108,6265.074500000001
324.319569,477.18164806000004,6191.393300000001
329.457977,467.86195613999996,6142.272500000001
334.564629,458.97665663999993,6007.190300000001
339.971217,449.97288648,5958.0695000000005
345.137889,441.64045006,5847.547700000001
350.254412,433.78189627999996,5786.1467
355.390515,426.19977403999997,5651.0645
360.513969,418.85459312,5552.822900000001
365.692975,411.78584374,5430.0209
370.862543,404.95403568,5294.938700000001
376.004655,398.4776396,5184.4169
381.129892,392.23818484,5233.537700000001
386.281417,386.2356714,5159.856500000001
391.439904,380.43060905999994,5147.576300000001
396.881869,374.5860565,5037.0545
402.057919,369.29436702,5024.774300000001
407.214111,364.20012864,5049.3347
412.398409,359.26385114,5012.494100000001
417.510569,354.64349539999995,5000.213900000001
422.595036,350.22059075999994,4914.2525000000005
427.684168,345.955647,4877.411900000001
432.790238,341.88815433999997,4791.450500000001
437.919089,337.93913233999996,4742.3297
442.989379,334.18756143999997,4717.769300000001
448.08707,330.59395142,4680.9287
453.482918,326.9608511799999,4680.9287
458.545357,323.68316292000003,4594.9673
463.658622,320.4844551,4594.9673
468.787553,317.48319838,4631.807900000001
473.865017,314.56092209999997,4582.687100000001
478.986176,311.75711648,4496.725700000001
484.146359,309.0322913,4423.044500000001
489.282809,306.465427,4423.044500000001
494.415932,304.01703335999997,4435.324700000001
499.542244,301.64762016,4373.9237
504.647516,299.1597363,4337.083100000001
510.053102,297.10624486,4373.9237
515.15473,295.0132632,4349.363300000001
520.275903,293.0387522,4349.363300000001
525.399738,291.10373142,4300.2425
530.531574,289.32667151999993,4287.9623
535.631201,287.54961162,4287.9623
540.730495,285.89102238,4324.802900000001
545.846539,284.27192335999996,4300.2425
550.930832,282.73180478,4251.121700000001
556.060086,281.27066664,4263.401900000001
561.183403,279.8095285,4312.5227
566.581537,278.42737079999995,4251.121700000001
571.673984,277.12419354,4263.401900000001
576.789578,275.8605065,4165.1603000000005
581.933524,274.71529011999996,4152.8801
587.08581,273.57007373999994,4079.1989
592.223133,272.46434758,4066.9186999999997
597.381935,271.35862141999996,4140.5999
602.516458,270.37136591999996,4214.2811
607.634362,269.42360064,4116.039500000001
612.783346,268.51532557999997,4079.1989
617.868533,267.60705052,4091.4791
623.335553,266.69877546000004,4054.6385000000005
628.411228,265.86948084,4066.9186999999997
633.537415,265.07967643999996,4042.3583000000003
638.636195,264.36885247999993,4054.6385000000005
643.725758,263.65802851999996,4066.9186999999997
648.833513,262.94720455999993,4017.7979
653.975267,262.27587081999997,3907.2761000000005
659.172928,261.56504685999994,3931.8365
664.268746,260.97269356,3919.5562999999997
669.41717,260.41983048,3968.6771000000003
674.52656,259.82747718,3956.3969
679.969011,259.27461409999995,3944.1167
685.092782,258.80073146,3870.4355
690.233018,258.32684881999995,3796.7543
695.362531,257.85296618,3931.8365
700.497464,257.41857375999996,3944.1167
705.614684,256.94469112,3968.6771000000003
710.745661,256.51029869999996,3968.6771000000003
715.867949,256.07590628,3980.9573000000005
721.035041,255.72049429999998,3931.8365
726.127271,255.32559209999994,4005.5177
731.204698,254.97018012,3968.6771000000003
736.617829,254.61476813999997,3944.1167
741.732296,254.25935615999998,3919.5562999999997
746.896412,253.94343439999994,3870.4355
752.03681,253.62751263999996,3907.2761000000005
757.178047,253.31159087999998,3907.2761000000005
762.281024,253.03515934,3870.4355
767.469897,252.79821802000004,3882.7157
772.627004,252.52178647999995,3882.7157
777.743687,252.24535493999997,3870.4355
782.893639,252.00841362000003,3833.5949000000005
788.012842,251.7714723,3833.5949000000005
793.505608,251.53453098,3858.1553
798.665978,251.3765701,3894.9959000000003
803.864329,251.179119,3894.9959000000003
809.053719,250.9816679,3894.9959000000003
814.195446,250.74472658000002,3944.1167
819.369487,250.54727547999997,3894.9959000000003
824.543106,250.34982437999997,3882.7157
