0.206733,249.79696129999996,-267.9919
5.45184,249.59951019999997,3845.8750999999997
10.586268,249.44154931999998,3845.8750999999997
15.702222,249.32307866,3845.8750999999997
20.830317,249.16511778,3772.1939
25.933303,249.00715689999998,3833.5949000000005
31.014469,248.88868624,3796.7543
36.129053,248.77021558,3833.5949000000005
41.230119,248.65174492,3882.7157
46.336544,248.53327426,3870.4355
51.413213,248.45429381999995,3858.1553
56.778234,248.29633294,3845.8750999999997
61.854574,248.2173525,3833.5949000000005
66.928128,248.09888184000002,3796.7543
72.043695,247.98041118,3759.9137
77.145937,247.90143074000002,3784.4741
82.263081,247.78296008,3772.1939
87.35174,247.70397963999997,3870.4355
92.45827,247.62499919999996,3845.8750999999997
97.527407,247.54601875999998,3845.8750999999997
102.64038,247.46703831999997,3870.4355
107.754113,247.42754809999997,3845.8750999999997
113.154623,247.38805787999996,3809.0345
118.262018,247.26958722000003,3809.0345
123.379526,247.19060678000002,3845.8750999999997
128.516051,247.15111656000005,3845.8750999999997
133.659218,247.07213612000004,3809.0345
138.84586,247.03264589999998,3833.5949000000005
144.051801,247.38805787999996,3809.0345
149.207566,248.37531337999994,3784.4741
154.380157,247.8224503,3796.7543
159.537554,242.57025103999996,3833.5949000000005
164.662634,233.09259824,3772.1939
170.066985,220.25827673999999,3710.7929
175.18916,207.10803348,3440.6285000000003
180.33644,193.87880977999998,3207.3047
185.450082,181.2814296,2986.2611
190.591239,169.51334404,2691.5363
195.718773,158.85098464,2458.2125
200.869922,149.21537096,2237.1689
205.993491,140.68548343999998,2089.8065
211.076615,133.26132207999999,1967.0045
216.182996,126.66645534000001,1881.0430999999999
221.255117,120.97986365999998,1819.6421
226.614926,115.76715461999999,1745.9609
231.679529,111.46272064000001,1733.6807
236.756938,107.75063996000002,1709.1203
241.819305,104.43346148,1647.7193000000002
246.942841,101.59016564000001,1586.3183
252.023693,99.10228178000001,1524.9173
257.087592,96.93031968000001,1512.6371
262.181955,95.07427934,1512.6371
267.30058,93.4156901,1488.0767
272.395241,92.07302261999999,1488.0767
277.510293,90.80933558000002,1488.0767
282.898021,89.66411920000002,1500.3569000000002
288.004503,88.67686370000001,1475.7965
293.141758,87.84756908,1475.7965
298.307894,87.09725490000001,1488.0767
303.439113,86.46541138,1451.2361
308.542085,85.87305808,1438.9559
313.630178,85.35968522000002,1426.6757000000002
318.748094,84.88580258000002,1451.2361
323.859616,84.41191994,1451.2361
328.99169,84.01701774,1438.9559
334.112247,83.66160576000001,1463.5163000000002
339.602801,83.38517422000001,1475.7965
344.757276,83.10874268,1463.5163000000002
349.924746,82.79282092,1438.9559
355.092818,82.5558796,1426.6757000000002
360.24532,82.31893828,1426.6757000000002
365.409761,82.12148718,1463.5163000000002
370.568776,81.92403608000001,1402.1153
375.718704,81.80556542000001,1402.1153
380.891786,81.60811432,1426.6757000000002
386.062308,81.45015344000001,1402.1153
391.265027,81.29219256,1426.6757000000002
396.758918,81.1737219,1414.3955
401.9209,81.01576102,1414.3955
407.055222,80.89729036,1475.7965
412.197123,80.77881970000001,1463.5163000000002
417.293508,80.69983926,1500.3569000000002
422.375977,80.58136860000002,1426.6757000000002
427.446716,80.50238816,1463.5163000000002
432.518483,80.3839175,1475.7965
437.586209,80.30493706,1426.6757000000002
442.711955,80.22595662,1426.6757000000002
447.801019,80.10748596,1426.6757000000002
453.241009,80.02850552000001,1426.6757000000002
458.311551,79.94952508,1402.1153
463.40739,79.87054464000002,1402.1153
468.487407,79.83105442,1402.1153
473.572906,79.75207398,1402.1153
478.644883,79.67309354000001,1426.6757000000002
483.7765,79.63360331999999,1402.1153
488.902738,79.5941131,1377.5549
494.0211,79.47564244000002,1402.1153
499.117212,79.51513266,1414.3955
504.219236,79.43615222,1451.2361
509.635087,79.31768156000001,1426.6757000000002
514.737382,79.31768156,1414.3955
519.881634,79.23870112,1402.1153
524.952469,79.15972068,1402.1153
530.046616,79.15972068000002,1426.6757000000002
535.137046,79.12023046,1402.1153
540.270391,79.08074024,1414.3955
545.355995,79.08074024,1402.1153
550.444085,79.04125002,1377.5549
555.547868,78.96226958,1352.9945000000002
560.618472,78.96226958,1365.2747
565.997028,78.88328914,1377.5549
571.101058,78.8043087,1352.9945000000002
576.22757,78.84379892000001,1377.5549
581.368428,78.8043087,1389.8351000000002
586.555495,78.76481848,1352.9945000000002
591.725373,78.72532826,1402.1153
596.893407,78.64634782000002,1377.5549
602.056849,78.6068576,1414.3955
607.160548,78.56736738000001,1402.1153
612.34794,78.52787716,1377.5549
617.485745,78.48838694,1377.5549
622.951997,78.48838694,1365.2747
628.071532,78.44889672,1377.5549
633.17636,78.4094065,1402.1153
638.32299,78.4094065,1389.8351000000002
643.437389,78.36991628000001,1389.8351000000002
648.532178,78.29093584,1414.3955
653.654855,78.29093584,1414.3955
658.787746,78.25144562,1414.3955
663.939522,78.25144562,1389.8351000000002
669.083806,78.2119554,1402.1153
674.247926,78.17246518000002,1402.1153
679.652229,78.13297496000001,1414.3955
684.85154,78.13297496000001,1414.3955
690.003509,78.09348474,1402.1153
