0.206361,78.0145043,-267.9919
5.429707,78.0145043,1377.5549
10.540063,77.97501408000001,1389.8351000000002
15.673826,77.93552386000002,1414.3955
20.814725,77.89603364,1377.5549
25.93323,77.89603364,1402.1153
31.098985,77.85654342000001,1402.1153
36.240131,77.85654342000001,1414.3955
41.394589,77.77756298,1377.5549
46.511363,77.8170532,1402.1153
51.650365,77.8170532,1352.9945000000002
57.061514,77.77756298,1377.5549
62.233163,77.77756298,1402.1153
67.402536,77.77756298,1389.8351000000002
72.577774,77.73807276,1389.8351000000002
77.775636,77.73807276,1414.3955
82.958401,77.69858254,1389.8351000000002
88.120149,77.69858254,1377.5549
93.294811,77.65909232000001,1340.7143
98.440212,77.61960210000001,1377.5549
103.597641,77.61960210000001,1377.5549
108.772954,77.61960210000001,1414.3955
114.21554,77.58011188,1438.9559
119.395427,77.58011188,1426.6757000000002
124.59072,77.46164122,1402.1153
129.817049,77.50113144,1377.5549
134.964507,77.46164122000002,1389.8351000000002
140.124049,77.46164122000002,1414.3955
145.324073,77.42215100000001,1402.1153
150.51519,77.42215100000001,1365.2747
155.740478,77.42215100000001,1377.5549
160.958658,77.42215100000001,1377.5549
166.161272,77.42215100000001,1340.7143
171.612048,77.34317056,1365.2747
176.799261,77.34317056,1402.1153
181.968525,77.30368034,1352.9945000000002
187.169587,77.61960210000001,1352.9945000000002
192.370119,89.11125612,1402.1153
197.561786,126.15308248000001,1402.1153
202.747368,176.62158363999998,1574.0381000000002
207.989749,229.10408601999995,2028.4054999999998
213.057398,275.50509452,2716.0967
218.150425,315.98257002,3440.6285000000003
223.251393,350.26008098,4226.5613
228.692448,380.54907972000007,4803.730700000001
233.82355,404.08525084,5368.619900000001
238.937395,423.47494886,5651.0645
244.067236,439.54746839999996,5810.7071000000005
249.232375,453.01363341999996,5982.629900000001
254.373364,464.1498754599999,6203.673500000001
259.532961,473.46956738,6387.8765
264.65236,481.24914071999996,6412.436900000001
269.825753,487.84400746,6461.5577
275.000532,493.45161870000004,6461.5577
280.187717,498.22993532000004,6412.436900000001
285.638632,502.5343692999999,6461.5577
290.765728,506.00950865999994,6461.5577
295.914206,509.0107653799999,6498.398300000001
301.084205,511.57762968000003,6461.5577
306.254162,513.94704288,6498.398300000001
311.421992,515.92155388,6498.398300000001
316.578134,517.65912356,6559.799300000001
321.729293,519.1597519200001,6498.398300000001
326.910244,520.6208900600001,6473.8379
332.050606,521.84508688,6633.480500000001
337.219566,522.9508130400001,6658.040900000001
342.6751,523.9775587600001,6510.678500000001
347.865257,524.8463436000001,6461.5577
353.033021,525.67563822,6572.079500000001
358.214712,526.4259524000001,6510.678500000001
363.43222,527.0577959200001,6473.8379
368.625712,527.6501492200001,6522.958700000001
373.840036,528.2030123000001,6596.639900000001
379.075517,528.7163851600001,6596.639900000001
384.278169,529.26924824,6596.639900000001
389.472188,529.7431308800001,6547.5191
394.650756,530.1775233,6522.958700000001
400.169709,530.5724255000001,6547.5191
405.374,530.9673277000002,6596.639900000001
410.586955,531.2437592400001,6522.958700000001
415.763386,531.4807005600001,6572.079500000001
420.915078,531.83611254,6596.639900000001
426.075465,532.0335636400001,6670.321100000001
431.199746,532.4284658400001,6608.9201
436.359604,532.6654071600002,6608.9201
441.534269,532.9023484800001,6547.5191
446.70913,533.0997995800001,6608.9201
451.823055,533.37623112,6633.480500000001
457.294734,533.5736822200001,6719.441900000001
462.410629,533.7711333200001,6633.480500000001
