0.206314,534.24501596,-267.9919
5.435428,534.4029768400001,6596.639900000001
10.584504,534.5609377200001,6633.480500000001
15.68401,534.7188986000001,6719.441900000001
20.90296,534.75838882,6633.480500000001
26.073548,534.9163497000001,6608.9201
31.221734,535.0348203599999,6633.480500000001
36.41558,535.15329102,6621.2003
41.57046,535.2717616800002,6633.480500000001
46.724525,535.4297225600001,6608.9201
51.895118,535.5087030000001,6633.480500000001
57.284075,535.62717366,6596.639900000001
62.465889,535.7456443200001,6572.079500000001
67.621296,535.9036052000001,6608.9201
72.754086,536.0220758600001,6572.079500000001
77.908344,536.0615660800001,6510.678500000001
83.090172,536.21952696,6608.9201
88.270917,536.2590171800001,6547.5191
93.452989,536.3379976200001,6547.5191
98.595612,536.4564682800001,6559.799300000001
103.714047,536.41697806,6596.639900000001
108.848187,536.6144291600001,6633.480500000001
114.250545,536.6539193799999,6596.639900000001
119.403918,536.8118802600001,6621.2003
124.563436,536.8908607000001,6596.639900000001
129.737421,536.8908607000001,6522.958700000001
134.90012,536.8908607,6621.2003
140.05653,537.0488215800001,6596.639900000001
145.244042,537.0883118,6608.9201
150.414828,537.0883118,6596.639900000001
155.623605,537.16729224,6572.079500000001
160.860617,537.2067824600001,6547.5191
166.045691,536.4959585,6572.079500000001
171.580264,539.8131369800001,6522.958700000001
176.788719,552.6079682600001,6621.2003
182.028512,575.07790344,6670.321100000001
187.217025,602.9185085400001,6854.5241000000005
192.402788,633.2075072800001,7100.128100000001
197.654691,663.73344734,7345.732100000001
202.836386,692.2453861800001,7824.659900000001
208.099637,718.9012846800001,8217.6263
213.182047,742.12153404,8598.3125
218.248347,762.6564484400001,8942.1581
223.588413,781.57226382,9200.042300000001
228.693584,797.28937138,9470.2067
233.803611,810.91349728,9605.288900000001
238.930078,822.76056328,9777.211700000002
244.042699,832.9490400400001,10059.6563
249.177333,841.7553591000001,10096.4969
254.284008,849.2585009000001,10194.738500000001
259.396766,855.8138774200002,10194.738500000001
264.542946,861.3819984400001,10342.100900000001
269.664095,866.1998052800001,10464.902900000001
274.817407,870.3067881600001,10514.023700000002
280.211405,874.1373395000002,10514.023700000002
285.314199,877.17808644,10477.1831
290.472315,879.8634214,10428.062300000001
295.592369,882.2328346,10538.5841
300.752918,884.24683582,10636.825700000001
305.872786,886.1028761599999,10550.864300000001
311.029558,887.80095562,10550.864300000001
316.177292,889.1831133200001,10550.864300000001
321.314017,890.40731014,10599.985100000002
326.467256,891.63150696,10538.5841
331.632252,892.57927224,10575.424700000001
337.037527,893.56652774,10612.265300000001
342.207396,894.3958223599999,10575.424700000001
347.376708,895.1461365399999,10452.622700000002
352.522631,895.8569605,10514.023700000002
357.670902,896.4493138,10575.424700000001
362.807561,897.0416670999999,10452.622700000002
367.997127,897.6340203999999,10575.424700000001
373.166342,898.10790304,10575.424700000001
378.306549,898.58178568,10599.985100000002
383.464286,899.0161780999999,10612.265300000001
388.664765,899.37159008,10612.265300000001
394.115169,899.8059824999999,10599.985100000002
399.31572,900.1219042600001,10612.265300000001
404.507707,900.43782602,10612.265300000001
409.705372,900.83272822,10575.424700000001
414.835114,901.06966954,10698.226700000001
419.961863,901.3461010800002,10722.787100000001
425.071695,901.66202284,10685.9465
430.162391,901.89896416,10612.265300000001
435.27631,902.1359054799999,10698.226700000001
440.381275,902.3333565800001,10661.386100000002
445.479442,902.5702978999999,10722.787100000001
450.884537,902.7677490000001,10771.9079
456.002723,902.92570988,10771.9079
461.095431,903.1231609800001,10636.825700000001
466.196568,903.2811218600001,10550.864300000001
471.344123,903.51806318,10514.023700000002
476.510321,903.67602406,10599.985100000002
481.617648,903.7550045,10538.5841
486.798171,903.8339849399999,10612.265300000001
491.915869,904.0709262600001,10661.386100000002
497.06238,904.18939692,10514.023700000002
502.194353,904.38684802,10612.265300000001
507.576858,904.5448089,10612.265300000001
512.726119,904.6632795599999,10661.386100000002
517.860382,904.78175022,10722.787100000001
523.031316,904.90022088,10685.9465
528.184138,904.97920132,10722.787100000001
533.304108,905.09767198,10698.226700000001
538.470436,905.21614264,10771.9079
