0.207161,905.49257418,-267.9919
5.37568,905.61104484,10636.825700000001
10.518022,905.69002528,10636.825700000001
15.672551,905.76900572,10685.9465
20.831145,905.84798616,10612.265300000001
25.93627,905.88747638,10685.9465
31.056968,906.04543726,10636.825700000001
36.234279,906.08492748,10685.9465
41.414131,906.1639079199999,10722.787100000001
46.501178,906.2428883599999,10722.787100000001
51.591903,906.3218688,10796.4683
56.976059,906.44033946,10661.386100000002
62.118913,906.5193199,10636.825700000001
67.280391,906.5983003399999,10599.985100000002
72.481649,906.63779056,10685.9465
77.650908,906.7562612199999,10636.825700000001
82.797576,906.79575144,10722.787100000001
87.908954,906.8747318800001,10612.265300000001
92.993039,906.8747318800001,10661.386100000002
98.112539,906.99320254,10636.825700000001
103.275302,907.03269276,10550.864300000001
108.4358,907.1116732,10612.265300000001
113.881229,907.15116342,10685.9465
119.007599,907.19065364,10685.9465
124.19898,907.26963408,10722.787100000001
129.377618,907.3091243,10796.4683
134.534539,907.3091243,10833.308900000002
139.690377,907.74351672,10722.787100000001
144.868531,909.20465486,10698.226700000001
150.038173,911.4950876199999,10747.347500000002
155.213585,914.33838346,10685.9465
160.404225,917.22116952,10698.226700000001
165.585831,919.9459947,10685.9465
171.008054,922.47336878,10685.9465
176.155693,924.52686022,10857.8693
181.333527,926.3829005599999,10771.9079
186.515513,927.8045484800001,10833.308900000002
191.695992,929.18670618,10882.4297
196.917119,930.2134519,10857.8693
202.098089,931.08223674,10857.8693
207.256338,931.87204114,10882.4297
212.36552,932.385414,10906.9901
217.493565,933.01725752,10906.9901
222.609854,933.49114016,10931.550500000001
228.022203,933.8860423599999,10821.0287
233.128553,934.1624739,10968.3911
238.272279,934.59686632,11017.511900000001
243.403884,934.91278808,10968.3911
248.514492,935.07074896,10882.4297
253.613614,935.30769028,10857.8693
258.732524,935.5051413799999,10931.550500000001
263.913178,935.62361204,10931.550500000001
269.008962,935.82106314,10943.8307
274.183278,935.97902402,10931.550500000001
279.346893,936.01851424,10906.9901
284.772012,936.25545556,10906.9901
289.877857,936.37392622,10931.550500000001
295.012024,936.45290666,10931.550500000001
300.145362,936.57137732,10906.9901
305.263629,936.6503577599999,10833.308900000002
310.429941,936.76882842,10821.0287
315.604724,936.8083186399999,10906.9901
320.772606,936.88729908,10833.308900000002
325.888669,936.8872990799999,10931.550500000001
331.000205,937.00576974,10968.3911
336.161475,937.0452599600001,10882.4297
341.657406,937.08475018,10906.9901
346.862413,937.1242404,10931.550500000001
352.08684,937.2032208400001,10796.4683
357.283033,937.24271106,10882.4297
362.458567,937.3611817200001,10882.4297
367.691807,937.4006719399999,10833.308900000002
372.869646,937.40067194,10882.4297
378.05127,937.44016216,10931.550500000001
383.215014,937.5191425999999,10931.550500000001
388.395663,937.5191425999999,10931.550500000001
393.622012,937.55863282,10943.8307
399.046892,937.55863282,10943.8307
404.227094,937.63761326,11042.072300000002
409.396207,937.63761326,10992.951500000001
414.543903,937.67710348,10968.3911
419.623353,937.7165937,10931.550500000001
424.728605,937.75608392,10747.347500000002
429.842381,937.79557414,10796.4683
434.934451,937.79557414,10821.0287
440.040776,937.83506436,10882.4297
445.168468,937.8745545799999,10968.3911
450.322489,937.9140448,10931.550500000001
0.206774,937.9140448,-267.9919
5.405951,938.0325154599999,10943.8307
10.51492,937.9140447999999,11017.511900000001
15.671441,937.95353502,10943.8307
20.853631,937.99302524,10931.550500000001
25.946514,938.03251546,10882.4297
31.121724,938.1114958999999,10931.550500000001
