0.206258,938.19047634,-267.9919
5.413225,938.19047634,10931.550500000001
10.532666,938.2299665600001,10833.308900000002
15.689035,938.308947,10857.8693
20.901371,938.308947,10882.4297
26.036845,938.34843722,10882.4297
31.167429,938.34843722,10906.9901
36.286825,938.42741766,10968.3911
41.455669,938.4274176600001,10906.9901
46.579784,938.4274176600001,10943.8307
51.72301,938.7433394199999,10857.8693
57.108041,937.08475018,10943.8307
62.226351,928.75231376,10906.9901
67.364252,915.83901182,10821.0287
72.535367,901.9384543799999,10575.424700000001
77.681668,889.30158398,10329.8207
82.884572,878.2838125999999,10194.738500000001
88.003743,869.0431011200001,10047.376100000001
93.159357,861.46097888,9949.1345
98.249467,855.06356324,9814.052300000001
103.342173,849.9693248599999,9814.052300000001
108.488363,845.66489088,9728.090900000001
113.907925,841.83433954,9715.8107
119.087839,838.8330828200001,9678.9701
124.23405,836.34519896,9654.4097
129.394427,834.2127270799999,9531.6077
134.569015,832.4751574,9494.767100000001
139.726497,830.93503882,9482.486900000002
144.875915,829.5923713399999,9482.486900000002
150.001793,828.48664518,9482.486900000002
155.190828,827.5388799,9580.728500000001
160.415701,826.67009506,9580.728500000001
165.614481,825.9592711,9593.0087
171.024095,825.28793736,9556.1681
176.213017,824.7350742799999,9519.327500000001
181.394554,824.1822112,9482.486900000002
186.593946,823.7873089999999,9519.327500000001
191.795586,823.3924068,9531.6077
196.951001,822.9975046000001,9617.5691
202.136639,822.7605632799999,9617.5691
207.336421,822.48413174,9593.0087
212.468641,822.2077002000001,9678.9701
217.619861,822.0102491,9580.728500000001
222.794036,821.77330778,9556.1681
228.197548,821.6153469,9519.327500000001
233.325795,821.4573860200001,9531.6077
238.485304,821.29942514,9519.327500000001
243.613134,821.14146426,9654.4097
248.800477,820.98350338,9593.0087
253.990436,820.8255424999999,9593.0087
259.131316,820.70707184,9654.4097
264.283075,820.6280914,9678.9701
269.417805,820.50962074,9556.1681
274.573839,820.39115008,9580.728500000001
279.734214,820.31216964,9519.327500000001
285.130432,820.2331892000001,9617.5691
290.286329,820.19369898,9556.1681
295.442389,820.07522832,9580.728500000001
300.589875,819.9962478799999,9654.4097
305.760338,819.9172674399999,9678.9701
310.887347,819.8777772200001,9580.728500000001
316.070532,819.7987967800001,9519.327500000001
321.227755,819.7593065599999,9629.849300000002
326.380075,819.7593065599999,9629.849300000002
331.571656,819.6013456799999,9519.327500000001
336.743332,819.68032612,9556.1681
342.202413,819.60134568,9580.728500000001
347.337871,819.56185546,9531.6077
352.534429,819.4433848,9654.4097
357.699821,819.4828750199999,9629.849300000002
362.862818,819.4433848,9678.9701
368.058933,819.40389458,9728.090900000001
373.226273,819.36440436,9593.0087
378.378977,819.32491414,9494.767100000001
383.545204,819.32491414,9556.1681
388.747016,819.2459337,9531.6077
393.959968,819.20644348,9556.1681
399.415072,819.16695326,9654.4097
404.586549,819.08797282,9519.327500000001
409.799659,819.0484825999999,9629.849300000002
414.924172,819.0089923800001,9629.849300000002
420.026696,819.0089923800001,9580.728500000001
425.154982,818.9695021599999,9580.728500000001
430.28399,818.9300119400001,9617.5691
