0.206616,818.8510315000001,-267.9919
5.381992,818.8510315000001,9531.6077
10.498188,818.8115412799999,9519.327500000001
15.626443,818.77205106,9519.327500000001
20.807913,818.77205106,9519.327500000001
25.910633,818.7325608399999,9580.728500000001
31.029082,818.69307062,9617.5691
36.231829,818.69307062,9580.728500000001
41.414282,818.69307062,9678.9701
46.546297,818.69307062,9617.5691
51.66904,818.6535804,9593.0087
57.020777,818.6535804,9494.767100000001
62.130943,818.61409018,9421.0859
67.247387,818.57459996,9421.0859
72.412006,818.57459996,9494.767100000001
77.573313,818.57459996,9421.0859
82.778399,818.5351097399999,9531.6077
87.914607,818.5351097399999,9580.728500000001
93.006003,818.5351097399999,9617.5691
98.114553,818.49561952,9617.5691
103.287725,818.49561952,9531.6077
108.431761,818.49561952,9531.6077
113.858045,818.49561952,9519.327500000001
119.003037,818.4561292999999,9457.926500000001
124.119772,818.4561292999999,9593.0087
129.321923,818.4561292999999,9593.0087
134.523992,818.4166390800001,9531.6077
139.742332,818.4166390800001,9556.1681
144.940004,818.4166390800001,9494.767100000001
150.175941,818.3771488599999,9593.0087
155.322885,818.3771488599999,9556.1681
160.497139,818.3771488599999,9519.327500000001
165.684588,818.3376586400001,9531.6077
171.132233,818.3376586400001,9531.6077
176.274531,818.3376586400001,9593.0087
181.448518,818.3376586400001,9556.1681
186.606756,818.3376586400001,9580.728500000001
191.781213,818.2981684199999,9519.327500000001
196.98519,818.3376586400001,9494.767100000001
202.193337,818.2981684199999,9494.767100000001
207.380745,818.2981684199999,9617.5691
212.52553,818.2981684199999,9617.5691
217.65964,817.74530534,9593.0087
222.772998,815.57334324,9531.6077
228.194401,810.99247772,9556.1681
233.285412,804.91098384,9494.767100000001
238.371317,796.61803764,9494.767100000001
243.51488,785.32383472,9396.525500000002
248.648879,770.75194354,9421.0859
253.80286,753.17879564,9310.564100000001
258.949458,733.43368564,9138.641300000001
264.078241,712.38539838,8917.5977
269.198505,690.4683262799999,8647.4333
274.342015,668.31431286,8401.829300000001
279.465733,646.5157114200001,8094.8243
284.879052,624.1642469,7738.6985
290.059955,603.39239118,7493.094500000001
295.211445,583.60779096,7284.3311
300.37343,564.69197558,7051.007300000001
305.538423,546.52647438,6891.364700000001
310.71672,529.1902678,6658.040900000001
315.921905,512.6043754,6547.5191
321.074942,497.0847189399999,6400.1567000000005
326.257141,482.27588643999997,6240.5141
331.447763,468.33583877999996,6129.992300000001
336.619365,455.22508574,6044.030900000001
342.06487,442.19331313999993,5933.5091
347.197401,430.74114934,5798.4269
352.391975,419.8023584,5724.7457
357.581844,409.61388164,5614.223900000001
362.770485,400.01775818,5454.581300000001
367.962487,391.05347824000006,5393.180300000001
373.144174,382.7210418199999,5307.218900000001
378.354207,374.86248804,5245.817900000001
383.519563,367.59628756,5123.0159
388.683922,360.80396972,5049.3347
393.863355,354.44604430000004,5000.213900000001
399.33683,348.16709932000003,4987.9337000000005
404.508951,342.67795874,4963.3733
409.705179,337.54423013999997,4938.812900000001
414.814998,332.80540374,4766.8901000000005
419.945373,328.3824991,4766.8901000000005
425.019808,324.236026,4779.170300000001
430.112356,320.52394532,4705.489100000001
435.292058,316.89084507999996,4693.2089000000005
440.452199,313.53417638,4631.807900000001
445.60226,310.414449,4680.9287
450.696504,307.53166294,4533.5663
456.065681,304.72785732,4521.2861
461.197137,302.16099302,4533.5663
466.316574,299.87056026,4607.2475
471.425142,297.69859815999996,4558.126700000001
476.597857,295.64510672,4594.9673
481.768391,293.71008594,4533.5663
486.919036,291.97251625999996,4447.6049
492.059901,290.35341724,4410.764300000001
497.207156,288.77380844000004,4410.764300000001
502.377982,287.39165074,4337.083100000001
507.486305,286.04898325999994,4337.083100000001
512.928534,284.70631578,4312.5227
518.093034,283.5610994,4324.802900000001
523.222662,282.49486346,4300.2425
528.358695,281.46811773999997,4386.2039
533.489749,280.48086223999996,4373.9237
538.642607,279.53309695999997,4324.802900000001
543.802744,278.78278277999993,4300.2425
548.942191,277.99297837999995,4263.401900000001
554.037279,277.2426642,4202.000900000001
559.140454,276.61082067999996,4202.000900000001
564.289764,275.93948694,4177.440500000001
569.709014,275.30764342,4214.2811
574.853975,274.71529011999996,4226.5613
579.999781,274.12293682,4238.8415
585.180589,273.72803461999996,4226.5613
590.343919,273.13568132,4214.2811
595.501286,272.7012889,4214.2811
600.67908,272.26689648,4251.121700000001
605.864319,271.87199427999997,4214.2811
611.010092,271.63505295999994,4238.8415
616.170555,271.27964097999995,4238.8415
621.351626,270.92422899999997,4251.121700000001
626.831067,270.60830724,4214.2811
632.263532,270.29238548,4214.2811
637.674166,270.01595394,4177.440500000001
642.80286,269.73952239999994,4238.8415
647.974126,269.46309086,4263.401900000001
653.161179,269.22614953999994,4177.440500000001
